1 0.54453125 0.3875 0.0421875 0.38984375
1 0.0203125 0.44765625 0.040625 0.5609375
1 0.36015625 0.4734375 0.0453125 0.53515625
1 0.14140625 0.475 0.0578125 0.60703125
1 0.24140625 0.47578125 0.0515625 0.5703125
1 0.40703125 0.47578125 0.0640625 0.5703125
1 0.18671875 0.4890625 0.0703125 0.62109375
1 0.07578125 0.4953125 0.0765625 0.64609375
1 0.496875 0.5078125 0.07265625 0.63828125
1 0.30078125 0.509375 0.0703125 0.609375
1 0.7953125 0.5140625 0.075 0.63125
1 0.66875 0.521875 0.06484375 0.59296875
1 0.5921875 0.52421875 0.08203125 0.6578125
1 0.72109375 0.54140625 0.0859375 0.6359375
1 0.84609375 0.5453125 0.0890625 0.64140625
1 0.9296875 0.4078125 0.0625 0.37890625
