1 0.1640625 0.33203125 0.053125 0.0890625
1 0.21953125 0.325 0.0703125 0.0875
1 0.2828125 0.32734375 0.053125 0.0765625
1 0.3421875 0.3265625 0.059375 0.078125
1 0.34375 0.43359375 0.0625 0.0921875
1 0.28046875 0.42109375 0.0515625 0.0609375
1 0.2203125 0.4296875 0.071875 0.09375
1 0.1640625 0.425 0.053125 0.078125
1 0.246875 0.6734375 0.215625 0.21953125
1 0.46953125 0.4125 0.0984375 0.15625
1 0.54921875 0.415625 0.0734375 0.1625
1 0.4765625 0.56015625 0.078125 0.1296875
1 0.5484375 0.56328125 0.053125 0.1484375
1 0.40859375 0.56328125 0.0453125 0.1453125
1 0.7625 0.65546875 0.034375 0.0734375
1 0.346875 0.6484375 0.08046875 0.28671875
1 0.19375 0.553125 0.11328125 0.10625
1 0.47421875 0.68046875 0.0640625 0.1078125
1 0.5390625 0.678125 0.0625 0.10390625
1 0.6 0.5609375 0.046875 0.13203125
1 0.59609375 0.67734375 0.0484375 0.1078125
1 0.6 0.4109375 0.04375 0.16015625
1 0.40625 0.32421875 0.06640625 0.0765625
1 0.4671875 0.3109375 0.0625 0.05078125
1 0.5296875 0.3140625 0.05703125 0.04375
1 0.590625 0.31015625 0.05546875 0.0484375
1 0.73828125 0.71796875 0.0296875 0.0796875
1 0.77421875 0.4046875 0.0140625 0.03046875
1 0.8015625 0.403125 0.01171875 0.02734375
1 0.78515625 0.3609375 0.0171875 0.02734375
1 0.8 0.36015625 0.0125 0.0296875
1 0.81171875 0.3609375 0.0109375 0.02578125
1 0.8234375 0.4 0.01484375 0.02734375
1 0.76875 0.3625 0.01328125 0.02734375
1 0.825 0.3625 0.0125 0.02578125
1 0.784375 0.2796875 0.01328125 0.02578125
1 0.79921875 0.321875 0.0140625 0.02734375
1 0.7453125 0.6515625 0.01640625 0.05703125
1 0.4109375 0.68125 0.05078125 0.096875
1 0.4078125 0.41171875 0.046875 0.1609375
