1 0.64375 0.465625 0.35546875 0.2375
1 0.65 0.1984375 0.07265625 0.19609375
1 0.73046875 0.1984375 0.0921875 0.203125
1 0.034375 0.5203125 0.04375 0.09765625
1 0.0328125 0.61875 0.03828125 0.09765625
1 0.03828125 0.4265625 0.0484375 0.08984375
1 0.08125 0.4296875 0.05703125 0.08359375
1 0.03515625 0.328125 0.0453125 0.10546875
1 0.0765625 0.321875 0.059375 0.109375
1 0.12578125 0.3265625 0.0453125 0.10078125
1 0.0796875 0.51875 0.05703125 0.08984375
1 0.2125 0.509375 0.05703125 0.08359375
1 0.17265625 0.325 0.0484375 0.09375
1 0.21640625 0.59375 0.0640625 0.09921875
1 0.171875 0.4265625 0.05 0.08359375
1 0.128125 0.425 0.05390625 0.08828125
1 0.1265625 0.5171875 0.05078125 0.08515625
1 0.215625 0.3265625 0.05 0.08828125
1 0.21875 0.42578125 0.05390625 0.0765625
