1 0.409375 0.2046875 0.128125 0.225
1 0.678125 0.20390625 0.10625 0.2296875
1 0.871875 0.09921875 0.090625 0.1046875
1 0.8765625 0.20390625 0.1 0.1109375
1 0.18125 0.659375 0.35 0.66796875
1 0.28671875 0.2109375 0.0765625 0.11875
1 0.228125 0.21953125 0.06875 0.1171875
1 0.0625 0.23203125 0.071875 0.0953125
1 0.32265625 0.11328125 0.0546875 0.0953125
1 0.9796875 0.1125 0.03828125 0.14609375
1 0.97890625 0.271875 0.0421875 0.16875
1 0.7578125 0.09375 0.059375 0.10390625
1 0.7578125 0.196875 0.05546875 0.11484375
1 0.696875 0.0921875 0.08515625 0.11796875
1 0.79375 0.09609375 0.075 0.1078125
1 0.871875 0.02265625 0.09375 0.0453125
1 0.77109375 0.0234375 0.0921875 0.04140625
1 0.940625 0.0890625 0.05859375 0.11953125
1 0.9421875 0.196875 0.07109375 0.10546875
1 0.87890625 0.2984375 0.0796875 0.11640625
1 0.9421875 0.3015625 0.06796875 0.10546875
1 0.8078125 0.19921875 0.05 0.1109375
1 0.7625 0.3015625 0.05 0.11953125
1 0.8125 0.2984375 0.05234375 0.109375
1 0.70234375 0.30546875 0.0765625 0.1109375
1 0.6296875 0.309375 0.075 0.10546875
1 0.1203125 0.1125 0.06640625 0.11328125
1 0.0578125 0.13515625 0.05859375 0.1015625
1 0.021875 0.134375 0.04375 0.10703125
1 0.01875 0.23046875 0.0375 0.0984375
1 0.02421875 0.321875 0.0484375 0.090625
1 0.2171875 0.0984375 0.06953125 0.096875
1 0.11796875 0.2171875 0.0671875 0.09765625
1 0.1703125 0.221875 0.07421875 0.10625
1 0.3453125 0.20859375 0.0625 0.1203125
1 0.2703125 0.1046875 0.0625 0.11953125
1 0.1203125 0.3015625 0.06484375 0.08515625
1 0.1671875 0.3 0.05546875 0.053125
1 0.2265625 0.3 0.059375 0.05078125
1 0.2890625 0.3171875 0.06484375 0.09453125
1 0.3546875 0.3171875 0.06875 0.1
1 0.4234375 0.3140625 0.071875 0.09921875
1 0.48515625 0.3140625 0.0609375 0.096875
1 0.478125 0.215625 0.046875 0.09765625
1 0.36875 0.11640625 0.03828125 0.0859375
1 0.6328125 0.1015625 0.05078125 0.1125
1 0.171875 0.1171875 0.0625 0.13046875
