1 0.53125 0.35703125 0.02734375 0.1390625
1 0.5015625 0.36171875 0.03046875 0.1453125
1 0.43984375 0.36875 0.0421875 0.16953125
1 0.371875 0.4078125 0.04453125 0.23203125
1 0.24375 0.4421875 0.02734375 0.30703125
1 0.21484375 0.45234375 0.0390625 0.3109375
1 0.02890625 0.475 0.0359375 0.37109375
1 0.06328125 0.47265625 0.0390625 0.3765625
1 0.30625 0.4765625 0.02890625 0.37109375
1 0.33515625 0.47890625 0.0359375 0.3671875
1 0.2796875 0.4796875 0.03515625 0.38203125
1 0.72265625 0.5046875 0.0421875 0.446875
1 0.66171875 0.50234375 0.0421875 0.4015625
1 0.696875 0.503125 0.03125 0.40859375
1 0.76640625 0.525 0.0328125 0.503125
1 0.7859375 0.5359375 0.034375 0.49765625
1 0.634375 0.578125 0.02890625 0.27109375
1 0.6078125 0.5796875 0.03203125 0.27265625
1 0.940625 0.58359375 0.1 0.8328125
1 0.4234375 0.5859375 0.02578125 0.21796875
1 0.8375 0.5859375 0.08984375 0.828125
1 0.3984375 0.5875 0.02421875 0.23359375
1 0.37734375 0.590625 0.0234375 0.23125
1 0.4515625 0.590625 0.034375 0.25078125
1 0.4859375 0.590625 0.03359375 0.23515625
1 0.5796875 0.61796875 0.03359375 0.2921875
1 0.55 0.62421875 0.03203125 0.2859375
1 0.5203125 0.63046875 0.03203125 0.2734375
1 0.73125 0.634375 0.03046875 0.275
1 0.1203125 0.7890625 0.196875 0.121875
1 0.284375 0.6953125 0.14375 0.08828125
1 0.3765625 0.7546875 0.16484375 0.12890625
1 0.29375 0.74921875 0.16796875 0.1171875
1 0.1 0.725 0.1375 0.06875
1 0.44453125 0.8234375 0.1515625 0.14765625
1 0.51875 0.91171875 0.12734375 0.1765625
1 0.38359375 0.821875 0.1515625 0.1375
1 0.621875 0.928125 0.096875 0.14375
1 0.66328125 0.9328125 0.0984375 0.134375
1 0.58359375 0.7953125 0.0953125 0.07734375
1 0.16875 0.8828125 0.06875 0.09375
1 0.04375 0.7640625 0.0875 0.075
1 0.71015625 0.93671875 0.0953125 0.1265625
1 0.1859375 0.890625 0.04296875 0.07421875
1 0.2234375 0.8953125 0.05859375 0.08515625
1 0.271875 0.90078125 0.05390625 0.0734375
1 0.3203125 0.90546875 0.06015625 0.0703125
1 0.44921875 0.8984375 0.1109375 0.15078125
1 0.559375 0.940625 0.10625 0.11875
1 0.0515625 0.878125 0.071875 0.07734375
1 0.0765625 0.93203125 0.06328125 0.0765625
1 0.1484375 0.84375 0.12578125 0.12109375
1 0.50625 0.8515625 0.103125 0.134375
