1 0.7140625 0.378125 0.08671875 0.396875
1 0.7390625 0.415625 0.11875 0.43984375
1 0.3515625 0.42421875 0.10703125 0.4828125
1 0.771875 0.45625 0.15546875 0.49140625
1 0.3125 0.46875 0.15546875 0.57734375
1 0.60625 0.509375 0.09921875 0.584375
1 0.80625 0.5203125 0.20625 0.54921875
1 0.2703125 0.521875 0.21953125 0.61015625
1 0.86640625 0.6109375 0.2671875 0.59921875
1 0.2125 0.62109375 0.29765625 0.6765625
1 0.16015625 0.725 0.3171875 0.54921875
1 0.95234375 0.6546875 0.0953125 0.23125
1 0.9734375 0.7875 0.053125 0.165625
1 0.646875 0.2203125 0.04921875 0.18671875
1 0.67109375 0.221875 0.0546875 0.178125
1 0.4 0.225 0.05234375 0.225
