1 0.84765625 0.64296875 0.2546875 0.3859375
1 0.66328125 0.5875 0.2203125 0.33671875
1 0.4765625 0.5546875 0.1875 0.303125
1 0.19609375 0.41640625 0.1078125 0.1765625
1 0.1125 0.4015625 0.11328125 0.18828125
1 0.45859375 0.79140625 0.1671875 0.2390625
1 0.2875 0.434375 0.11875 0.196875
1 0.0734375 0.5640625 0.12734375 0.17734375
1 0.03671875 0.39296875 0.0734375 0.1734375
1 0.1984375 0.575 0.10078125 0.16484375
1 0.29296875 0.5890625 0.1265625 0.18203125
1 0.6203125 0.84921875 0.19453125 0.2671875
1 0.796875 0.89296875 0.25 0.2140625
1 0.38125 0.72578125 0.07265625 0.2140625
1 0.4265625 0.50546875 0.15078125 0.2515625
1 0.9375 0.871875 0.121875 0.24375
1 0.60625 0.4484375 0.125 0.14453125
1 0.375 0.415625 0.09375 0.175
1 0.13359375 0.55859375 0.0734375 0.1390625
1 0.7140625 0.4109375 0.11953125 0.07734375
1 0.803125 0.453125 0.13828125 0.08203125
1 0.946875 0.6015625 0.10390625 0.33046875
