1 0.73515625 0.4421875 0.0734375 0.21796875
1 0.34296875 0.45 0.0515625 0.08671875
1 0.5828125 0.46953125 0.065625 0.2265625
1 0.2671875 0.46953125 0.04296875 0.0734375
1 0.4015625 0.484375 0.0375 0.06015625
1 0.47421875 0.5 0.0640625 0.22421875
1 0.625 0.50703125 0.05859375 0.2046875
1 0.5203125 0.528125 0.04765625 0.21171875
1 0.28125 0.546875 0.046875 0.14296875
1 0.3265625 0.56171875 0.04296875 0.1484375
1 0.6546875 0.571875 0.08046875 0.24609375
1 0.71328125 0.61328125 0.0578125 0.1515625
1 0.415625 0.6171875 0.04609375 0.20625
1 0.5609375 0.64453125 0.053125 0.1609375
1 0.6046875 0.653125 0.040625 0.0875
1 0.5125 0.68515625 0.03515625 0.0984375
1 0.465625 0.6796875 0.05859375 0.15234375
1 0.4125 0.74140625 0.04140625 0.0453125
1 0.4609375 0.265625 0.04921875 0.17890625
1 0.55 0.2546875 0.04921875 0.165625
1 0.37421875 0.271875 0.0515625 0.17109375
1 0.646875 0.2671875 0.06796875 0.15078125
1 0.2828125 0.271875 0.028125 0.046875
1 0.5078125 0.2859375 0.04140625 0.09375
1 0.2609375 0.2984375 0.02890625 0.04140625
1 0.3 0.3015625 0.03984375 0.05390625
1 0.5625 0.3171875 0.04921875 0.11953125
1 0.3296875 0.3078125 0.04453125 0.14375
1 0.596875 0.315625 0.025 0.05078125
1 0.46875 0.33984375 0.04921875 0.1359375
1 0.4171875 0.3296875 0.040625 0.04609375
1 0.25625 0.33125 0.02421875 0.03515625
1 0.3015625 0.34765625 0.04140625 0.0515625
1 0.6640625 0.3484375 0.04609375 0.05703125
1 0.6171875 0.359375 0.03984375 0.04375
1 0.51796875 0.3671875 0.0390625 0.053125
1 0.2546875 0.375 0.03671875 0.046875
1 0.3765625 0.375 0.03984375 0.06015625
1 0.42578125 0.3828125 0.0421875 0.05703125
1 0.678125 0.40625 0.03828125 0.0875
1 0.55625 0.4 0.034375 0.05234375
1 0.53671875 0.40234375 0.0359375 0.0453125
1 0.3046875 0.41484375 0.05 0.0953125
1 0.259375 0.425 0.04375 0.06796875
1 0.3890625 0.4296875 0.04375 0.06328125
1 0.43984375 0.4375 0.0390625 0.07265625
1 0.3671875 0.5515625 0.034375 0.17578125
