1 0.3671875 0.4765625 0.08671875 0.15625
1 0.47109375 0.4796875 0.0859375 0.153125
1 0.165625 0.5203125 0.0875 0.16484375
1 0.253125 0.64375 0.15625 0.3125
1 0.3296875 0.65546875 0.140625 0.3078125
1 0.40625 0.6671875 0.109375 0.31796875
1 0.49765625 0.690625 0.1171875 0.31640625
1 0.1734375 0.7171875 0.18359375 0.30078125
1 0.2640625 0.321875 0.07890625 0.13203125
1 0.5265625 0.46328125 0.10703125 0.3453125
1 0.428125 0.4078125 0.08671875 0.20625
1 0.32734375 0.3890625 0.0859375 0.13359375
1 0.184375 0.3890625 0.08515625 0.13125
1 0.2484375 0.4375 0.0875 0.14765625
1 0.13984375 0.2390625 0.0953125 0.16171875
