1 0.92265625 0.2703125 0.0390625 0.253125
1 0.4640625 0.278125 0.03671875 0.15390625
1 0.5046875 0.29609375 0.03046875 0.1515625
1 0.93515625 0.3 0.0484375 0.26640625
1 0.97578125 0.31171875 0.0484375 0.2796875
1 0.0328125 0.32109375 0.0375 0.2296875
1 0.5984375 0.3328125 0.03203125 0.23203125
1 0.725 0.33515625 0.04375 0.2296875
1 0.6421875 0.33984375 0.03046875 0.2296875
1 0.6796875 0.3390625 0.02890625 0.22421875
1 0.98125 0.34609375 0.0375 0.2796875
1 0.15390625 0.3515625 0.0390625 0.15703125
1 0.1890625 0.3515625 0.040625 0.15703125
1 0.11640625 0.353125 0.0390625 0.16953125
1 0.5546875 0.359375 0.03359375 0.24765625
1 0.075 0.3609375 0.040625 0.15390625
1 0.77421875 0.365625 0.0390625 0.22421875
1 0.22578125 0.3796875 0.0421875 0.23984375
1 0.3765625 0.378125 0.0375 0.26640625
1 0.2625 0.3875 0.04375 0.23203125
1 0.34296875 0.38984375 0.0390625 0.2453125
1 0.296875 0.390625 0.04375 0.23515625
1 0.41875 0.3984375 0.03671875 0.2375
1 0.01796875 0.4390625 0.0359375 0.115625
1 0.0609375 0.440625 0.04375 0.1125
1 0.18828125 0.446875 0.0484375 0.10703125
1 0.109375 0.44921875 0.046875 0.1046875
1 0.1453125 0.4546875 0.03671875 0.09375
1 0.5953125 0.6734375 0.06484375 0.540625
1 0.78125 0.671875 0.1 0.55078125
1 0.65625 0.68125 0.07734375 0.55390625
1 0.715625 0.68984375 0.0875 0.5640625
1 0.42734375 0.76328125 0.0828125 0.4734375
1 0.3375 0.76484375 0.0875 0.4703125
1 0.18125 0.07890625 0.01484375 0.0578125
1 0.1078125 0.79453125 0.10625 0.4109375
1 0.17734375 0.8015625 0.0953125 0.396875
1 0.5046875 0.8078125 0.06953125 0.38359375
1 0.04453125 0.8078125 0.0890625 0.38359375
1 0.246875 0.815625 0.090625 0.36796875
1 0.209375 0.08828125 0.01328125 0.0546875
1 0.934375 0.0875 0.0125 0.065625
1 0.78359375 0.8625 0.1140625 0.275
1 0.94375 0.0984375 0.01484375 0.04921875
1 0.921875 0.1203125 0.01640625 0.06015625
1 0.1609375 0.125 0.01953125 0.0625
1 0.534375 0.128125 0.02421875 0.04453125
1 0.6625 0.13125 0.01484375 0.13828125
1 0.5609375 0.134375 0.02109375 0.04453125
1 0.5859375 0.13671875 0.02109375 0.0578125
1 0.6765625 0.146875 0.01484375 0.13828125
1 0.6921875 0.1484375 0.02421875 0.140625
1 0.609375 0.15390625 0.02109375 0.0890625
1 0.7109375 0.15390625 0.01328125 0.1359375
1 0.7265625 0.1546875 0.02109375 0.140625
1 0.2234375 0.15703125 0.02265625 0.1359375
1 0.6390625 0.1578125 0.02109375 0.11484375
1 0.878125 0.1578125 0.03203125 0.22421875
1 0.8578125 0.1578125 0.03359375 0.22734375
1 0.8953125 0.1609375 0.02421875 0.16484375
1 0.2640625 0.1625 0.02265625 0.09921875
1 0.5203125 0.1640625 0.02265625 0.065625
1 0.746875 0.165625 0.02109375 0.16171875
1 0.31875 0.16796875 0.01953125 0.0890625
1 0.3875 0.1671875 0.02265625 0.09375
1 0.203125 0.16875 0.02421875 0.12265625
1 0.3375 0.16953125 0.01484375 0.0859375
1 0.2875 0.1703125 0.01796875 0.10703125
1 0.478125 0.171875 0.01953125 0.065625
1 0.409375 0.1734375 0.01953125 0.09921875
1 0.54375 0.1734375 0.02109375 0.08125
1 0.8109375 0.1734375 0.02109375 0.159375
1 0.496875 0.175 0.01953125 0.06796875
1 0.5890625 0.175 0.01953125 0.0625
1 0.8265625 0.175 0.02421875 0.16171875
1 0.56875 0.178125 0.02109375 0.078125
1 0.771875 0.1796875 0.03046875 0.190625
1 0.79375 0.18359375 0.02578125 0.1984375
1 0.1234375 0.196875 0.02890625 0.07578125
1 0.3703125 0.20546875 0.03359375 0.0703125
1 0.4421875 0.20859375 0.02890625 0.0578125
1 0.3046875 0.21015625 0.03046875 0.0703125
1 0.403125 0.209375 0.03203125 0.06015625
1 0.3375 0.2125 0.03203125 0.06796875
1 0.5796875 0.21640625 0.03515625 0.0703125
1 0.4875 0.21640625 0.02734375 0.0578125
1 0.6578125 0.21875 0.03359375 0.065625
1 0.5171875 0.2203125 0.03046875 0.06796875
1 0.5421875 0.2203125 0.02421875 0.05234375
1 0.621875 0.221875 0.02890625 0.06796875
1 0.696875 0.2234375 0.03046875 0.065625
1 0.0421875 0.23125 0.02734375 0.09140625
