1 0.4328125 0.6109375 0.04453125 0.19296875
1 0.4796875 0.6171875 0.04921875 0.20390625
1 0.58984375 0.61953125 0.0390625 0.2015625
1 0.79375 0.6203125 0.03828125 0.21015625
1 0.5296875 0.6234375 0.05703125 0.21015625
1 0.6921875 0.62578125 0.053125 0.2015625
1 0.63671875 0.6265625 0.0640625 0.21015625
1 0.746875 0.6328125 0.06640625 0.21484375
1 0.6390625 0.3234375 0.04453125 0.05
1 0.5890625 0.3296875 0.03671875 0.04296875
1 0.6921875 0.3375 0.04921875 0.06328125
1 0.528125 0.39375 0.05703125 0.19296875
1 0.790625 0.39375 0.04140625 0.18828125
1 0.4796875 0.3984375 0.04921875 0.17890625
1 0.746875 0.4125 0.06328125 0.228125
