1 0.9390625 0.459375 0.11953125 0.53828125
1 0.2515625 0.484375 0.040625 0.14609375
1 0.28125 0.49453125 0.05703125 0.1453125
1 0.33203125 0.49921875 0.0421875 0.1296875
1 0.175 0.49921875 0.05078125 0.1859375
1 0.11875 0.5015625 0.07890625 0.21953125
1 0.303125 0.65078125 0.10234375 0.1765625
1 0.20234375 0.6546875 0.0984375 0.16953125
1 0.1078125 0.6578125 0.10234375 0.16328125
1 0.71875 0.659375 0.090625 0.15234375
1 0.821875 0.6609375 0.11328125 0.1375
1 0.40234375 0.66171875 0.1015625 0.1453125
1 0.6046875 0.665625 0.10078125 0.13984375
1 0.503125 0.6671875 0.1 0.13671875
1 0.8234375 0.4 0.11171875 0.378125
1 0.71484375 0.40078125 0.0890625 0.3609375
1 0.6046875 0.403125 0.103125 0.37890625
1 0.4015625 0.4125 0.09921875 0.36328125
1 0.503125 0.41640625 0.1 0.3671875
