1 0.96875 0.46796875 0.0625 0.7421875
1 0.9046875 0.50078125 0.128125 0.6796875
1 0.7 0.5140625 0.11015625 0.65234375
1 0.81015625 0.5171875 0.1234375 0.63671875
1 0.628125 0.52578125 0.08203125 0.5953125
1 0.559375 0.5453125 0.08359375 0.55
1 0.390625 0.5546875 0.121875 0.51015625
1 0.51796875 0.57421875 0.0453125 0.4171875
1 0.1265625 0.5265625 0.08828125 0.08125
1 0.109375 0.60234375 0.05703125 0.0921875
1 0.278125 0.4984375 0.140625 0.05703125
1 0.178125 0.5390625 0.05546875 0.075
1 0.1609375 0.6 0.046875 0.08203125
1 0.2046875 0.6015625 0.05703125 0.07421875
1 0.240625 0.60625 0.04296875 0.07109375
1 0.27890625 0.61328125 0.0484375 0.0765625
1 0.3421875 0.61015625 0.03671875 0.0640625
1 0.30625 0.6109375 0.04375 0.07109375
1 0.1265625 0.67421875 0.07265625 0.0765625
1 0.184375 0.671875 0.05078125 0.08515625
1 0.2140625 0.534375 0.04375 0.06796875
1 0.2546875 0.534375 0.03984375 0.05078125
