1 0.36953125 0.59921875 0.0984375 0.3703125
1 0.565625 0.5984375 0.1 0.36171875
1 0.46484375 0.6015625 0.0953125 0.35859375
1 0.25625 0.6859375 0.109375 0.35078125
1 0.671875 0.6984375 0.11640625 0.34140625
1 0.46875 0.81875 0.090625 0.07265625
1 0.575 0.821875 0.1 0.078125
1 0.36875 0.8296875 0.09609375 0.06171875
1 0.2796875 0.33203125 0.115625 0.3703125
1 0.34375 0.3359375 0.0375 0.146875
1 0.62734375 0.359375 0.1296875 0.35546875
1 0.55234375 0.37890625 0.0578125 0.0796875
1 0.396875 0.390625 0.059375 0.05390625
