1 0.328125 0.4640625 0.071875 0.25234375
1 0.47890625 0.46796875 0.0765625 0.2578125
1 0.55 0.47109375 0.07109375 0.2515625
1 0.40703125 0.475 0.0765625 0.26171875
1 0.19765625 0.5 0.0265625 0.11171875
1 0.25 0.50625 0.090625 0.35
1 0.68203125 0.52421875 0.0546875 0.1359375
1 0.75625 0.5296875 0.07421875 0.190625
1 0.6390625 0.534375 0.03828125 0.11015625
1 0.1640625 0.6140625 0.07578125 0.12421875
1 0.32578125 0.6375 0.0734375 0.09375
1 0.471875 0.6484375 0.071875 0.1
1 0.61875 0.6484375 0.06171875 0.12265625
1 0.4 0.65 0.071875 0.08515625
1 0.54375 0.65078125 0.07109375 0.1046875
1 0.684375 0.653125 0.071875 0.12265625
1 0.753125 0.66875 0.06953125 0.10078125
