1 0.25 0.44453125 0.034375 0.1421875
1 0.2171875 0.44453125 0.03046875 0.1296875
1 0.290625 0.4484375 0.04140625 0.15
1 0.4296875 0.253125 0.028125 0.01953125
1 0.321875 0.25546875 0.03359375 0.0328125
1 0.3984375 0.25859375 0.02890625 0.0234375
1 0.284375 0.28515625 0.0375 0.1453125
1 0.25 0.29375 0.034375 0.14375
1 0.325 0.3015625 0.03359375 0.10703125
1 0.359375 0.30390625 0.03515625 0.1046875
1 0.2171875 0.3046875 0.03046875 0.134375
1 0.3921875 0.30859375 0.03203125 0.0984375
1 0.42109375 0.30859375 0.0296875 0.1015625
1 0.446875 0.31015625 0.02578125 0.0984375
1 0.46953125 0.3109375 0.0234375 0.09453125
1 0.48671875 0.3125 0.0234375 0.090625
1 0.19765625 0.33359375 0.0109375 0.0828125
1 0.1890625 0.440625 0.02578125 0.11875
