1 0.553125 0.440625 0.04609375 0.15703125
1 0.46171875 0.4453125 0.0421875 0.16484375
1 0.50625 0.44765625 0.046875 0.1578125
1 0.3140625 0.49609375 0.021875 0.1171875
1 0.334375 0.5015625 0.00859375 0.109375
1 0.29140625 0.5171875 0.0328125 0.171875
1 0.215625 0.51875 0.04453125 0.18203125
1 0.26015625 0.5203125 0.0421875 0.17734375
1 0.1703125 0.521875 0.04453125 0.18046875
1 0.69375 0.5390625 0.04765625 0.04453125
1 0.646875 0.54296875 0.04375 0.0453125
1 0.60625 0.5453125 0.025 0.04375
1 0.5515625 0.5515625 0.04453125 0.05078125
1 0.50546875 0.55625 0.0453125 0.04921875
1 0.46171875 0.5578125 0.0390625 0.04921875
1 0.31875 0.57734375 0.01953125 0.0421875
1 0.3140625 0.42421875 0.01328125 0.0296875
1 0.3484375 0.4265625 0.02734375 0.06640625
1 0.6921875 0.4328125 0.046875 0.153125
1 0.64453125 0.4328125 0.0484375 0.15859375
1 0.60546875 0.4375 0.0328125 0.15859375
