1 0.7828125 0.478125 0.04609375 0.159375
1 0.8796875 0.49609375 0.04921875 0.1921875
1 0.92890625 0.4984375 0.0703125 0.184375
1 0.8328125 0.5 0.05625 0.18984375
1 0.67734375 0.50625 0.0609375 0.190625
1 0.7328125 0.509375 0.05546875 0.17890625
1 0.4671875 0.5125 0.05234375 0.18828125
1 0.5734375 0.51328125 0.05390625 0.1921875
1 0.359375 0.5140625 0.05546875 0.18203125
1 0.625 0.515625 0.05703125 0.18203125
1 0.521875 0.52265625 0.05234375 0.1796875
1 0.125 0.5234375 0.0625 0.16328125
1 0.24296875 0.5265625 0.0546875 0.19375
1 0.30234375 0.5265625 0.0609375 0.17578125
1 0.41484375 0.528125 0.0546875 0.184375
1 0.18359375 0.5328125 0.0640625 0.18515625
1 0.76171875 0.6125 0.0453125 0.04375
1 0.81328125 0.6125 0.0453125 0.03984375
1 0.9015625 0.6171875 0.05 0.040625
1 0.859375 0.621875 0.03046875 0.0375
1 0.71484375 0.62421875 0.0484375 0.0359375
1 0.665625 0.62734375 0.046875 0.0390625
1 0.61796875 0.63359375 0.0484375 0.0265625
1 0.56640625 0.63359375 0.0453125 0.0359375
1 0.51875 0.63828125 0.046875 0.0359375
1 0.4671875 0.6421875 0.04765625 0.034375
1 0.41640625 0.6484375 0.0484375 0.040625
1 0.3671875 0.65 0.046875 0.03671875
1 0.3109375 0.653125 0.05234375 0.04296875
1 0.2578125 0.659375 0.05234375 0.04296875
1 0.2046875 0.6625 0.05078125 0.040625
1 0.1515625 0.71640625 0.08359375 0.2234375
1 0.5421875 0.796875 0.06953125 0.12578125
1 0.61484375 0.80625 0.0703125 0.1375
1 0.3984375 0.8078125 0.071875 0.10546875
1 0.47265625 0.8140625 0.0734375 0.13359375
1 0.315625 0.82109375 0.06171875 0.1046875
1 0.70078125 0.8421875 0.0828125 0.13125
1 0.2328125 0.8453125 0.1 0.20078125
1 0.11875 0.8515625 0.10234375 0.25546875
1 0.7921875 0.89375 0.07578125 0.13671875
1 0.5578125 0.90859375 0.07734375 0.1390625
1 0.64140625 0.9125 0.0765625 0.15
1 0.40546875 0.9203125 0.0703125 0.13359375
1 0.48125 0.9234375 0.078125 0.12265625
1 0.35625 0.925 0.05625 0.14453125
1 0.30078125 0.9296875 0.0609375 0.11796875
1 0.73671875 0.94375 0.0859375 0.08984375
1 0.22734375 0.946875 0.0859375 0.10078125
1 0.84921875 0.97265625 0.0703125 0.0546875
1 0.775 0.2421875 0.03203125 0.040625
1 0.69375 0.2453125 0.028125 0.04375
1 0.7375 0.2453125 0.03203125 0.040625
1 0.815625 0.2484375 0.03359375 0.04375
1 0.6171875 0.2484375 0.03125 0.040625
1 0.4484375 0.2484375 0.03359375 0.03984375
1 0.65859375 0.253125 0.0328125 0.04296875
1 0.1828125 0.25234375 0.03828125 0.0453125
1 0.31875 0.25625 0.03671875 0.053125
1 0.27578125 0.25859375 0.0328125 0.0546875
1 0.22734375 0.2578125 0.0359375 0.03984375
1 0.7890625 0.271875 0.028125 0.04296875
1 0.7078125 0.27578125 0.03125 0.0484375
1 0.840625 0.2765625 0.0375 0.04296875
1 0.359375 0.2796875 0.03203125 0.03828125
1 0.75625 0.28125 0.03671875 0.046875
1 0.45 0.28125 0.03203125 0.0375
1 0.6234375 0.2828125 0.03828125 0.05
1 0.4953125 0.2859375 0.034375 0.03828125
1 0.1703125 0.2859375 0.03984375 0.04765625
1 0.6703125 0.2875 0.034375 0.04921875
1 0.5359375 0.2890625 0.03125 0.053125
1 0.8125 0.2984375 0.03515625 0.03125
1 0.3609375 0.3078125 0.03671875 0.025
1 0.7234375 0.30859375 0.03046875 0.0421875
1 0.859375 0.3140625 0.03671875 0.046875
1 0.77421875 0.3140625 0.0359375 0.05234375
1 0.45390625 0.3171875 0.0390625 0.040625
1 0.6375 0.31875 0.03984375 0.05234375
1 0.159375 0.3234375 0.04140625 0.046875
1 0.2125 0.3265625 0.04140625 0.04921875
1 0.3140625 0.3328125 0.03671875 0.053125
1 0.8875 0.3390625 0.04296875 0.03515625
1 0.74453125 0.340625 0.0390625 0.03828125
1 0.8359375 0.34296875 0.03984375 0.0359375
1 0.79375 0.35625 0.040625 0.0625
1 0.6484375 0.3578125 0.04140625 0.0625
1 0.36015625 0.359375 0.0421875 0.05390625
1 0.55703125 0.36171875 0.0390625 0.0640625
1 0.60625 0.365625 0.03828125 0.06328125
1 0.7 0.365625 0.04609375 0.07265625
1 0.409375 0.3671875 0.04453125 0.05546875
1 0.4578125 0.36875 0.04609375 0.07109375
1 0.15 0.3703125 0.04609375 0.0625
1 0.2578125 0.37109375 0.04609375 0.0734375
1 0.50625 0.371875 0.04296875 0.06484375
1 0.2 0.371875 0.04453125 0.06328125
1 0.3109375 0.3796875 0.04609375 0.07421875
1 0.8578125 0.38125 0.03984375 0.04609375
1 0.8140625 0.3875 0.04140625 0.040625
1 0.9125 0.3875 0.03984375 0.03828125
1 0.7609375 0.39375 0.03125 0.04765625
1 0.6625 0.39609375 0.040625 0.0484375
1 0.61796875 0.4015625 0.0390625 0.05234375
1 0.5640625 0.4046875 0.03984375 0.05703125
1 0.3578125 0.40625 0.04453125 0.046875
1 0.46015625 0.40625 0.0421875 0.05390625
1 0.7140625 0.4125 0.04921875 0.075
1 0.25 0.4171875 0.05 0.071875
1 0.5125 0.41953125 0.04609375 0.0703125
1 0.1375 0.42109375 0.04921875 0.0734375
1 0.4125 0.421875 0.05 0.07421875
1 0.30625 0.4234375 0.04921875 0.07421875
1 0.190625 0.421875 0.04609375 0.07265625
