1 0.1671875 0.44140625 0.06171875 0.1046875
1 0.3015625 0.4484375 0.06484375 0.10625
1 0.43125 0.4625 0.06875 0.109375
1 0.4921875 0.490625 0.053125 0.12734375
1 0.0859375 0.4953125 0.06953125 0.115625
1 0.2265625 0.5 0.071875 0.115625
1 0.36171875 0.5 0.0703125 0.115625
1 0.55625 0.5203125 0.04453125 0.13203125
1 0.1421875 0.5265625 0.07734375 0.08984375
1 0.2875 0.540625 0.071875 0.09140625
1 0.4234375 0.5625 0.06640625 0.11875
1 0.35 0.61875 0.07265625 0.134375
1 0.4828125 0.6203125 0.05703125 0.12421875
1 0.20703125 0.621875 0.0671875 0.14921875
1 0.11484375 0.66171875 0.0765625 0.0984375
1 0.5640625 0.69140625 0.05 0.0921875
1 0.265625 0.7203125 0.07421875 0.203125
1 0.4171875 0.728125 0.07890625 0.20625
1 0.1890625 0.7421875 0.10625 0.15625
1 0.0546875 0.78046875 0.109375 0.2515625
1 0.340625 0.7828125 0.09140625 0.215625
1 0.47890625 0.796875 0.0609375 0.24453125
1 0.575 0.8625 0.07109375 0.19609375
1 0.4234375 0.91640625 0.05625 0.1171875
1 0.115625 0.9171875 0.10390625 0.12890625
1 0.4796875 0.953125 0.04921875 0.08046875
1 0.36328125 0.9609375 0.0671875 0.0625
1 0.25 0.9609375 0.07421875 0.053125
1 0.3265625 0.18359375 0.05 0.0828125
1 0.21875 0.18671875 0.05234375 0.0890625
1 0.4375 0.19296875 0.05 0.0890625
1 0.265625 0.2234375 0.05078125 0.08984375
1 0.48125 0.225 0.046875 0.07578125
1 0.16015625 0.2265625 0.0515625 0.08984375
1 0.37734375 0.23125 0.0515625 0.096875
1 0.3140625 0.2640625 0.05625 0.11171875
1 0.4296875 0.271875 0.05546875 0.078125
1 0.20625 0.2734375 0.05078125 0.0875
1 0.3671875 0.30703125 0.059375 0.0984375
1 0.48203125 0.31015625 0.0453125 0.0921875
1 0.140625 0.309375 0.05625 0.10078125
1 0.2578125 0.3125 0.05625 0.1
1 0.1921875 0.353125 0.059375 0.10390625
1 0.42890625 0.359375 0.0640625 0.1125
1 0.3140625 0.3625 0.059375 0.10390625
1 0.4796875 0.3984375 0.04765625 0.10625
1 0.12109375 0.40546875 0.0703125 0.1171875
1 0.24375 0.4078125 0.06484375 0.10703125
1 0.37109375 0.41171875 0.0640625 0.1015625
