1 0.35 0.45234375 0.09453125 0.1765625
1 0.346875 0.63203125 0.11171875 0.2171875
1 0.1796875 0.453125 0.10234375 0.17578125
1 0.290625 0.2296875 0.125 0.20859375
1 0.1921875 0.3015625 0.11328125 0.18359375
1 0.2703125 0.36875 0.11640625 0.18046875
1 0.2546875 0.5328125 0.10078125 0.171875
1 0.1734375 0.61875 0.11484375 0.17578125
1 0.1609375 0.7734375 0.14609375 0.14453125
1 0.3484375 0.7875 0.10625 0.109375
1 0.43125 0.7390625 0.10078125 0.18046875
1 0.5171875 0.78125 0.09765625 0.1125
1 0.6171875 0.784375 0.09375 0.10390625
1 0.690625 0.52734375 0.12890625 0.3109375
1 0.60625 0.6078125 0.121875 0.26953125
1 0.503125 0.6265625 0.10390625 0.20859375
1 0.421875 0.546875 0.09375 0.221875
1 0.253125 0.71875 0.11953125 0.203125
1 0.34921875 0.4546875 0.0953125 0.17890625
1 0.4234375 0.37265625 0.10078125 0.1703125
1 0.509375 0.3484375 0.08984375 0.09765625
1 0.509375 0.4515625 0.08984375 0.175
1 0.6015625 0.3796875 0.1125 0.18359375
