1 0.0609375 0.446875 0.06796875 0.178125
1 0.2671875 0.4640625 0.10234375 0.371875
1 0.3609375 0.471875 0.10625 0.378125
1 0.47109375 0.478125 0.0984375 0.3625
1 0.86328125 0.478125 0.0734375 0.21328125
1 0.940625 0.4875 0.08046875 0.22734375
1 0.08828125 0.54296875 0.0328125 0.1265625
1 0.5703125 0.5703125 0.10625 0.26328125
1 0.6625 0.5765625 0.08359375 0.259375
1 0.1671875 0.578125 0.05 0.31953125
1 0.121875 0.5921875 0.06328125 0.31015625
1 0.040625 0.6140625 0.05546875 0.18359375
1 0.253125 0.8078125 0.10390625 0.20234375
1 0.07890625 0.8171875 0.1046875 0.16484375
1 0.3515625 0.81875 0.10703125 0.2
1 0.15703125 0.8296875 0.0421875 0.14453125
1 0.459375 0.83515625 0.10234375 0.2109375
1 0.55625 0.865625 0.09765625 0.1
1 0.65625 0.878125 0.096875 0.10703125
1 0.14765625 0.390625 0.0546875 0.09765625
1 0.778125 0.4375 0.09453125 0.26953125
