1 0.13046875 0.603125 0.2609375 0.47265625
1 0.5546875 0.06875 0.1375 0.1375
1 0.09375 0.10625 0.171875 0.2125
1 0.36328125 0.121875 0.1390625 0.24375
1 0.228125 0.11953125 0.153125 0.2390625
1 0.47890625 0.1828125 0.1140625 0.34765625
1 0.65625 0.1890625 0.15625 0.33515625
1 0.07421875 0.290625 0.1484375 0.35625
1 0.24296875 0.465625 0.2328125 0.54453125
1 0.3828125 0.496875 0.16796875 0.56484375
1 0.5515625 0.49140625 0.16171875 0.5640625
1 0.703125 0.50078125 0.21953125 0.5140625
1 0.6921875 0.08828125 0.159375 0.1734375
