1 0.6046875 0.45 0.07578125 0.11875
1 0.475 0.4578125 0.07109375 0.12109375
1 0.75625 0.46171875 0.07421875 0.1234375
1 0.6796875 0.50625 0.07890625 0.14765625
1 0.3328125 0.51328125 0.084375 0.1546875
1 0.83671875 0.5203125 0.0859375 0.153125
1 0.5421875 0.51875 0.075 0.14140625
1 0.1265625 0.525 0.10859375 0.209375
1 0.40859375 0.5328125 0.0765625 0.1375
1 0.615625 0.5796875 0.08046875 0.15
1 0.4765625 0.5890625 0.078125 0.153125
1 0.775 0.590625 0.078125 0.15078125
1 0.07421875 0.609375 0.0859375 0.153125
1 0.70234375 0.65078125 0.0890625 0.1484375
1 0.321875 0.653125 0.090625 0.16875
1 0.40625 0.659375 0.08125 0.140625
1 0.5484375 0.65859375 0.084375 0.1546875
1 0.84453125 0.67578125 0.0921875 0.1609375
1 0.0546875 0.69296875 0.090625 0.1421875
1 0.625 0.72578125 0.0875 0.1703125
1 0.47421875 0.75078125 0.0859375 0.1703125
1 0.29609375 0.7875 0.0921875 0.16875
1 0.80234375 0.7953125 0.0921875 0.16796875
1 0.55234375 0.79765625 0.0890625 0.1546875
1 0.05625 0.79765625 0.10390625 0.1515625
1 0.38515625 0.79765625 0.0890625 0.1484375
1 0.709375 0.8046875 0.09609375 0.16171875
1 0.73125 0.33828125 0.06875 0.1296875
1 0.165625 0.3453125 0.09609375 0.20078125
1 0.59921875 0.3484375 0.0703125 0.13515625
1 0.4703125 0.35078125 0.06875 0.1171875
1 0.8046875 0.36796875 0.078125 0.1390625
1 0.3421875 0.38359375 0.078125 0.1390625
1 0.11953125 0.41875 0.1203125 0.17578125
1 0.66875 0.3875 0.07265625 0.12265625
1 0.53984375 0.40078125 0.0703125 0.1171875
1 0.40859375 0.421875 0.0703125 0.128125
