1 0.6046875 0.490625 0.08359375 0.30859375
1 0.4328125 0.490625 0.08515625 0.30390625
1 0.259375 0.6140625 0.09453125 0.33359375
1 0.6953125 0.6609375 0.10078125 0.40703125
1 0.51171875 0.68125 0.0953125 0.325
1 0.340625 0.69609375 0.09765625 0.3015625
1 0.79921875 0.71640625 0.1015625 0.3265625
1 0.42578125 0.7578125 0.0765625 0.20078125
1 0.5984375 0.7578125 0.08203125 0.21328125
1 0.253125 0.8203125 0.06953125 0.08671875
1 0.5203125 0.3625 0.09453125 0.31796875
1 0.35 0.3703125 0.096875 0.315625
1 0.7921875 0.38671875 0.09375 0.3203125
1 0.2484375 0.4 0.028125 0.05703125
1 0.28046875 0.403125 0.0390625 0.040625
1 0.1328125 0.4046875 0.05859375 0.20078125
1 0.21875 0.40546875 0.03828125 0.2140625
1 0.08046875 0.4109375 0.0484375 0.17890625
1 0.70703125 0.4125 0.0640625 0.121875
1 0.1765625 0.3765625 0.05234375 0.25859375
