1 0.14453125 0.4578125 0.0984375 0.33359375
1 0.23359375 0.4671875 0.0734375 0.31484375
1 0.3078125 0.47734375 0.09296875 0.3359375
1 0.390625 0.48125 0.06796875 0.31015625
1 0.54375 0.4875 0.065625 0.29921875
1 0.46875 0.48828125 0.08828125 0.3296875
1 0.628125 0.503125 0.10703125 0.34453125
1 0.06875 0.60390625 0.04453125 0.0609375
1 0.8484375 0.35625 0.090625 0.24921875
1 0.7859375 0.3875 0.04921875 0.18828125
1 0.08984375 0.4140625 0.0859375 0.30625
1 0.753125 0.41953125 0.02578125 0.1171875
