1 0.3375 0.44453125 0.06953125 0.2578125
1 0.5625 0.446875 0.07109375 0.25546875
1 0.4890625 0.446875 0.071875 0.26015625
1 0.4171875 0.453125 0.075 0.259375
1 0.203125 0.48515625 0.02890625 0.1171875
1 0.26015625 0.4890625 0.0890625 0.35546875
1 0.771875 0.4953125 0.07109375 0.19140625
1 0.69609375 0.4984375 0.0578125 0.1375
1 0.653125 0.5046875 0.04296875 0.11484375
1 0.1734375 0.6046875 0.08046875 0.125
1 0.3390625 0.6234375 0.07421875 0.096875
1 0.4859375 0.625 0.07265625 0.10234375
1 0.6359375 0.62578125 0.0625 0.1203125
1 0.7015625 0.6265625 0.07109375 0.12421875
1 0.559375 0.6265625 0.071875 0.11015625
1 0.415625 0.6328125 0.071875 0.084375
1 0.7703125 0.63984375 0.06953125 0.1015625
