1 0.0921875 0.2515625 0.075 0.44765625
1 0.9078125 0.49296875 0.13359375 0.6703125
1 0.84375 0.56328125 0.14296875 0.7046875
1 0.7796875 0.58125 0.11328125 0.7125
1 0.6703125 0.62265625 0.128125 0.7546875
1 0.7265625 0.62265625 0.10703125 0.7546875
1 0.5859375 0.65078125 0.1125 0.6984375
1 0.32265625 0.66328125 0.1328125 0.6734375
1 0.4609375 0.67734375 0.14296875 0.6453125
1 0.190625 0.6796875 0.19140625 0.63984375
1 0.06484375 0.7796875 0.1265625 0.43984375
1 0.2078125 0.21875 0.05703125 0.31171875
1 0.16484375 0.2109375 0.0515625 0.27734375
1 0.053125 0.5109375 0.10625 0.30546875
1 0.32421875 0.3578125 0.1234375 0.19921875
1 0.20625 0.403125 0.13046875 0.21875
1 0.42109375 0.39375 0.1234375 0.21328125
1 0.0609375 0.2546875 0.08203125 0.41171875
