1 0.4484375 0.509375 0.02421875 0.0375
1 0.3921875 0.5109375 0.02265625 0.0375
1 0.3390625 0.5140625 0.025 0.03671875
1 0.47109375 0.5296875 0.0265625 0.04296875
1 0.3609375 0.53125 0.02421875 0.04140625
1 0.41796875 0.53203125 0.0265625 0.0453125
1 0.31015625 0.540625 0.0265625 0.04921875
1 0.44453125 0.5484375 0.0265625 0.03828125
1 0.3875 0.5515625 0.028125 0.04296875
1 0.3328125 0.5546875 0.025 0.03515625
1 0.41328125 0.56875 0.0296875 0.05
1 0.471875 0.56875 0.02578125 0.05
1 0.3578125 0.578125 0.028125 0.0375
1 0.29765625 0.584375 0.0296875 0.04765625
1 0.4453125 0.5921875 0.03046875 0.05390625
1 0.3234375 0.59765625 0.028125 0.0484375
1 0.38515625 0.6 0.0296875 0.05
1 0.4734375 0.6140625 0.025 0.04375
1 0.415625 0.6203125 0.03046875 0.05234375
1 0.34921875 0.6234375 0.0296875 0.05390625
1 0.2828125 0.625 0.03203125 0.059375
1 0.446875 0.6453125 0.03359375 0.05859375
1 0.3796875 0.6453125 0.03125 0.059375
1 0.309375 0.64609375 0.03515625 0.0578125
1 0.4796875 0.65859375 0.03203125 0.0609375
1 0.41015625 0.66953125 0.0359375 0.0609375
1 0.3375 0.67265625 0.03359375 0.0578125
1 0.26328125 0.6734375 0.0359375 0.05625
1 0.371875 0.68828125 0.0375 0.0359375
1 0.4421875 0.70625 0.0375 0.06796875
1 0.2953125 0.70625 0.04453125 0.06953125
1 0.478125 0.7265625 0.03359375 0.07109375
1 0.24453125 0.734375 0.0359375 0.07265625
1 0.328125 0.7375 0.0375 0.078125
1 0.51875 0.775 0.02421875 0.075
1 0.28046875 0.7765625 0.0484375 0.0875
1 0.440625 0.7875 0.04375 0.121875
1 0.3578125 0.78828125 0.04140625 0.1140625
1 0.31484375 0.8078125 0.0515625 0.08828125
1 0.4765625 0.81875 0.034375 0.125
1 0.40078125 0.828125 0.0515625 0.13359375
1 0.2328125 0.8359375 0.065625 0.13828125
1 0.5265625 0.8609375 0.03671875 0.12421875
1 0.446875 0.9015625 0.03359375 0.07578125
1 0.4765625 0.921875 0.028125 0.05078125
1 0.4109375 0.928125 0.0375 0.05078125
