1 0.8859375 0.4859375 0.11484375 0.18828125
1 0.63125 0.4640625 0.08125 0.15234375
1 0.546875 0.46328125 0.08046875 0.1328125
1 0.7203125 0.46953125 0.09453125 0.1453125
1 0.1984375 0.471875 0.07734375 0.12578125
1 0.4625 0.478125 0.08203125 0.15234375
1 0.3765625 0.48671875 0.08203125 0.1546875
1 0.26875 0.534375 0.11484375 0.10390625
1 0.82109375 0.5609375 0.1046875 0.165625
1 0.559375 0.5984375 0.08515625 0.14609375
1 0.6515625 0.6 0.08984375 0.15703125
1 0.17109375 0.60546875 0.0734375 0.1359375
1 0.7453125 0.609375 0.10078125 0.15625
1 0.4734375 0.625 0.0875 0.15078125
1 0.384375 0.628125 0.08984375 0.153125
1 0.921875 0.6734375 0.11953125 0.24453125
1 0.29296875 0.64921875 0.0890625 0.1390625
1 0.21953125 0.66953125 0.0828125 0.2109375
1 0.8328125 0.78984375 0.13671875 0.2984375
1 0.6453125 0.8171875 0.11484375 0.29375
1 0.7359375 0.8265625 0.13046875 0.253125
1 0.46484375 0.8375 0.0921875 0.28671875
1 0.55625 0.81640625 0.09140625 0.2984375
1 0.3703125 0.840625 0.10546875 0.27265625
1 0.2859375 0.86328125 0.14296875 0.2484375
1 0.184375 0.86640625 0.15859375 0.2328125
1 0.21171875 0.12734375 0.0890625 0.2421875
1 0.6046875 0.2234375 0.07265625 0.11796875
1 0.6796875 0.23125 0.075 0.13046875
1 0.45625 0.23203125 0.06953125 0.1109375
1 0.3765625 0.240625 0.06484375 0.09921875
1 0.53125 0.240625 0.07265625 0.12890625
1 0.1859375 0.246875 0.10859375 0.23203125
1 0.29375 0.2609375 0.08984375 0.19921875
1 0.76640625 0.27265625 0.0859375 0.1203125
1 0.86171875 0.3328125 0.0703125 0.13203125
1 0.465625 0.33359375 0.06640625 0.1015625
1 0.61875 0.3375 0.07578125 0.12890625
1 0.6984375 0.340625 0.08203125 0.14140625
1 0.5375 0.34765625 0.07734375 0.1140625
1 0.29375 0.359375 0.07890625 0.10078125
1 0.4203125 0.3609375 0.05390625 0.178125
1 0.79609375 0.4171875 0.0890625 0.159375
1 0.2859375 0.43984375 0.07578125 0.1046875
