1 0.0921875 0.471875 0.05234375 0.18203125
1 0.1421875 0.47734375 0.05703125 0.1859375
1 0.196875 0.4796875 0.05 0.184375
1 0.24765625 0.4828125 0.0546875 0.18359375
1 0.296875 0.4859375 0.03984375 0.184375
1 0.3515625 0.4890625 0.05390625 0.18203125
1 0.4046875 0.49375 0.04921875 0.18359375
1 0.453125 0.49296875 0.046875 0.1859375
1 0.56171875 0.496875 0.0515625 0.18671875
1 0.509375 0.496875 0.04921875 0.18671875
1 0.61171875 0.4984375 0.0484375 0.18203125
1 0.78125 0.503125 0.034375 0.18515625
1 0.665625 0.5046875 0.05546875 0.18828125
1 0.7171875 0.5046875 0.04765625 0.184375
1 0.82421875 0.5078125 0.0515625 0.18671875
1 0.878125 0.509375 0.05703125 0.1875
1 0.08046875 0.5875 0.0203125 0.03984375
1 0.13984375 0.58828125 0.0453125 0.0390625
1 0.1984375 0.59375 0.04609375 0.04609375
1 0.2453125 0.59609375 0.04453125 0.0453125
1 0.29609375 0.59765625 0.0296875 0.0390625
1 0.353125 0.6 0.04296875 0.040625
1 0.4015625 0.603125 0.040625 0.03515625
1 0.44609375 0.60390625 0.0265625 0.0390625
1 0.5078125 0.60859375 0.04375 0.0359375
1 0.5578125 0.6078125 0.04375 0.040625
1 0.66640625 0.6171875 0.0453125 0.03984375
1 0.7171875 0.6171875 0.04609375 0.04296875
1 0.78125 0.61875 0.03125 0.04375
1 0.8203125 0.62109375 0.04765625 0.0453125
1 0.8765625 0.62421875 0.05234375 0.0390625
