1 0.53125 0.4484375 0.05 0.18359375
1 0.6359375 0.453125 0.053125 0.18671875
1 0.58359375 0.45234375 0.0546875 0.1859375
1 0.48203125 0.459375 0.0515625 0.18671875
1 0.4296875 0.46328125 0.053125 0.1828125
1 0.3375 0.471875 0.02734375 0.17265625
1 0.3796875 0.471875 0.05234375 0.171875
1 0.6875 0.484375 0.05390625 0.24921875
1 0.734375 0.4859375 0.05 0.24921875
1 0.534375 0.5796875 0.04921875 0.078125
1 0.6375 0.58046875 0.05078125 0.0671875
1 0.5859375 0.58125 0.05 0.06953125
1 0.4828125 0.5859375 0.05078125 0.07265625
1 0.4296875 0.5921875 0.05078125 0.07421875
1 0.3796875 0.5953125 0.05078125 0.07109375
1 0.3390625 0.5953125 0.02890625 0.07421875
1 0.375 0.3171875 0.05078125 0.13515625
1 0.33671875 0.31953125 0.0234375 0.1296875
1 0.5375 0.3234375 0.04453125 0.07109375
1 0.4921875 0.3296875 0.040625 0.06953125
1 0.4265625 0.33125 0.05234375 0.084375
