1 0.2484375 0.490625 0.09609375 0.31953125
1 0.334375 0.4921875 0.11015625 0.33125
1 0.7171875 0.4921875 0.11640625 0.41328125
1 0.8015625 0.5046875 0.08828125 0.396875
1 0.421875 0.6703125 0.10078125 0.35078125
1 0.5203125 0.67578125 0.10703125 0.3328125
1 0.615625 0.68046875 0.08828125 0.3328125
1 0.290625 0.75 0.10546875 0.19375
1 0.18984375 0.75078125 0.1046875 0.1953125
1 0.71875 0.771875 0.115625 0.14921875
1 0.80625 0.77578125 0.08671875 0.1515625
1 0.51796875 0.4078125 0.0953125 0.20546875
1 0.4328125 0.415625 0.07890625 0.17734375
1 0.6 0.421875 0.071875 0.19140625
1 0.95859375 0.409375 0.0828125 0.359375
