1 0.3421875 0.728125 0.103125 0.20546875
1 0.4390625 0.7140625 0.09453125 0.20546875
1 0.5296875 0.61484375 0.0625 0.1671875
1 0.4703125 0.6 0.06015625 0.21796875
1 0.40546875 0.61015625 0.0734375 0.1890625
1 0.3375 0.62265625 0.115625 0.1828125
1 0.25234375 0.646875 0.1015625 0.26796875
1 0.35078125 0.4 0.0765625 0.33515625
1 0.4046875 0.33125 0.05078125 0.41796875
1 0.446875 0.3359375 0.05234375 0.41328125
1 0.4890625 0.315625 0.040625 0.425
1 0.5203125 0.321875 0.05625 0.44140625
1 0.60625 0.43046875 0.065625 0.2640625
1 0.65703125 0.5265625 0.0734375 0.16875
1 0.73125 0.5546875 0.078125 0.15859375
1 0.803125 0.58125 0.07421875 0.18046875
1 0.66640625 0.4609375 0.0453125 0.115625
1 0.721875 0.484375 0.05546875 0.128125
1 0.803125 0.19453125 0.05546875 0.1890625
