1 0.2375 0.73125 0.1375 0.38046875
1 0.7 0.73125 0.13046875 0.36796875
1 0.559375 0.73203125 0.10625 0.3765625
1 0.390625 0.7765625 0.121875 0.290625
1 0.88203125 0.790625 0.1265625 0.275
1 0.1125 0.78125 0.11640625 0.26328125
1 0.6125 0.78125 0.10703125 0.271875
1 0.39609375 0.2234375 0.2078125 0.38046875
1 0.815625 0.6546875 0.08828125 0.52578125
1 0.4765625 0.6609375 0.07421875 0.51875
1 0.15 0.65 0.08515625 0.52109375
1 0.2625 0.3984375 0.10546875 0.64453125
1 0.528125 0.31796875 0.10234375 0.4859375
1 0.7703125 0.4953125 0.10625 0.83359375
1 0.6515625 0.44609375 0.16171875 0.4390625
1 0.6 0.2875 0.08828125 0.21171875
