1 0.04921875 0.503125 0.0890625 0.90390625
1 0.95859375 0.5109375 0.0828125 0.875
1 0.12734375 0.56953125 0.0796875 0.7546875
1 0.8828125 0.578125 0.07265625 0.73046875
1 0.2015625 0.60625 0.07109375 0.69765625
1 0.81953125 0.60625 0.0671875 0.65546875
1 0.275 0.621875 0.08515625 0.66796875
1 0.7515625 0.625 0.07421875 0.6375
1 0.35 0.6375 0.07109375 0.640625
1 0.6828125 0.6296875 0.07265625 0.640625
1 0.41875 0.6546875 0.06875 0.58359375
1 0.6171875 0.68828125 0.065625 0.5265625
1 0.484375 0.734375 0.06328125 0.425
1 0.55 0.740625 0.06328125 0.41640625
