1 0.3203125 0.4140625 0.040625 0.30625
1 0.64296875 0.4140625 0.0296875 0.34140625
1 0.6109375 0.421875 0.03125 0.31796875
1 0.6734375 0.4203125 0.02890625 0.32265625
1 0.4109375 0.4234375 0.03359375 0.32265625
1 0.37109375 0.43203125 0.0390625 0.3296875
1 0.2875 0.4328125 0.04140625 0.34765625
1 0.259375 0.4359375 0.03125 0.334375
1 0.7859375 0.43984375 0.08828125 0.6609375
1 0.703125 0.4859375 0.05859375 0.459375
1 0.74140625 0.49765625 0.0671875 0.4921875
1 0.8140625 0.52578125 0.07890625 0.5546875
1 0.859375 0.546875 0.09453125 0.59609375
1 0.4828125 0.58125 0.12109375 0.65234375
1 0.21875 0.5875 0.11171875 0.7375
1 0.51875 0.6015625 0.1375 0.71484375
1 0.04140625 0.6421875 0.0828125 0.715625
1 0.1046875 0.64453125 0.11875 0.7109375
1 0.9515625 0.64921875 0.09375 0.7015625
1 0.3046875 0.8203125 0.0625 0.27109375
1 0.37421875 0.8203125 0.0609375 0.27109375
