1 0.528125 0.2953125 0.11953125 0.40078125
1 0.9015625 0.4046875 0.0875 0.25390625
1 0.3984375 0.59609375 0.12578125 0.6046875
1 0.53125 0.70625 0.10859375 0.37734375
1 0.7578125 0.76953125 0.08203125 0.2515625
1 0.759375 0.18984375 0.08515625 0.1765625
1 0.8796875 0.190625 0.103125 0.178125
1 0.4015625 0.19609375 0.08359375 0.1703125
1 0.09375 0.4984375 0.08515625 0.78125
1 0.19140625 0.4984375 0.0953125 0.78828125
1 0.2875 0.496875 0.08828125 0.78515625
1 0.64375 0.2671875 0.05390625 0.315625
1 0.6390625 0.6890625 0.08203125 0.40078125
1 0.725 0.40859375 0.05546875 0.0609375
1 0.7234375 0.4890625 0.05234375 0.08515625
1 0.846875 0.62421875 0.03671875 0.1234375
1 0.7953125 0.4578125 0.059375 0.28671875
1 0.9046875 0.62890625 0.05 0.1703125
1 0.8453125 0.8296875 0.05234375 0.128125
1 0.9078125 0.809375 0.065625 0.159375
