1 0.46953125 0.2578125 0.1171875 0.41484375
1 0.65390625 0.2625 0.0984375 0.38984375
1 0.5625 0.278125 0.07890625 0.37265625
1 0.196875 0.3515625 0.15 0.57734375
1 0.3515625 0.3375 0.12578125 0.525
1 0.5828125 0.46640625 0.10859375 0.2671875
1 0.4296875 0.525 0.12734375 0.35
1 0.8890625 0.6171875 0.14140625 0.76484375
1 0.78515625 0.6484375 0.1296875 0.70234375
1 0.671875 0.68515625 0.17109375 0.6296875
1 0.09765625 0.68515625 0.1953125 0.6265625
1 0.50390625 0.69765625 0.1859375 0.6046875
1 0.28828125 0.7046875 0.2203125 0.58984375
