1 0.13671875 0.471875 0.1984375 0.27578125
1 0.34921875 0.471875 0.1515625 0.29453125
1 0.5953125 0.478125 0.16640625 0.30390625
1 0.8515625 0.49453125 0.13515625 0.2828125
1 0.35234375 0.80390625 0.1734375 0.3484375
1 0.11875 0.8125 0.1875 0.35859375
1 0.5953125 0.8140625 0.13515625 0.34609375
1 0.8453125 0.8203125 0.13125 0.34921875
1 0.85 0.17890625 0.1875 0.3140625
1 0.59609375 0.18125 0.2140625 0.31015625
1 0.33203125 0.19453125 0.1984375 0.2453125
1 0.12734375 0.2140625 0.1859375 0.215625
