1 0.3234375 0.175 0.121875 0.24296875
1 0.4328125 0.21328125 0.13125 0.2765625
1 0.55859375 0.2296875 0.1453125 0.278125
1 0.6953125 0.26328125 0.146875 0.2734375
1 0.84375 0.2953125 0.175 0.278125
1 0.096875 0.3 0.090625 0.16953125
1 0.1875 0.3171875 0.103125 0.19609375
1 0.27890625 0.3359375 0.1109375 0.203125
1 0.96171875 0.34921875 0.0765625 0.2984375
1 0.38671875 0.3953125 0.1109375 0.1875
1 0.49921875 0.434375 0.1171875 0.20859375
1 0.6140625 0.465625 0.13203125 0.23203125
1 0.26875 0.04921875 0.10390625 0.0984375
1 0.7546875 0.503125 0.13984375 0.24609375
1 0.046875 0.51328125 0.09375 0.1296875
1 0.51015625 0.0515625 0.1421875 0.103125
1 0.1203125 0.540625 0.121875 0.159375
1 0.90234375 0.546875 0.1546875 0.27109375
1 0.3859375 0.0578125 0.12578125 0.115625
1 0.24296875 0.58125 0.1578125 0.16796875
1 0.6515625 0.0625 0.159375 0.125
1 0.35625 0.6203125 0.1375 0.16640625
1 0.47421875 0.6734375 0.1234375 0.1625
1 0.1421875 0.690625 0.15234375 0.19609375
1 0.6109375 0.73671875 0.12578125 0.2390625
1 0.26953125 0.7453125 0.1765625 0.21796875
1 0.796875 0.075 0.159375 0.15
1 0.4046875 0.78125 0.14375 0.209375
1 0.7640625 0.8140625 0.14765625 0.2125
1 0.9125 0.83359375 0.16328125 0.2359375
1 0.553125 0.878125 0.16171875 0.24296875
1 0.15390625 0.8890625 0.1828125 0.221875
1 0.3046875 0.9046875 0.184375 0.190625
1 0.7359375 0.93203125 0.16640625 0.1359375
1 0.47265625 0.93984375 0.1828125 0.1203125
1 0.93515625 0.103125 0.1296875 0.20625
1 0.0375 0.11796875 0.075 0.1671875
1 0.12734375 0.1234375 0.1046875 0.171875
1 0.2171875 0.134375 0.109375 0.17890625
