1 0.8203125 0.3296875 0.134375 0.29375
1 0.34375 0.340625 0.17734375 0.30234375
1 0.203125 0.3421875 0.15625 0.28125
1 0.6890625 0.36171875 0.18515625 0.3421875
1 0.515625 0.3703125 0.2 0.32578125
1 0.8171875 0.5484375 0.15546875 0.225
1 0.215625 0.553125 0.18671875 0.28671875
1 0.34921875 0.590625 0.1703125 0.27734375
1 0.6734375 0.60859375 0.16875 0.3046875
1 0.50390625 0.63125 0.1984375 0.23828125
1 0.7890625 0.71484375 0.10859375 0.1890625
1 0.2328125 0.75390625 0.15625 0.1984375
1 0.35 0.7890625 0.13515625 0.25078125
1 0.65 0.815625 0.17578125 0.259375
1 0.4984375 0.85625 0.17734375 0.24140625
