1 0.596875 0.334375 0.12890625 0.22421875
1 0.04453125 0.32578125 0.0890625 0.2171875
1 0.48671875 0.328125 0.1203125 0.209375
1 0.8328125 0.328125 0.11640625 0.209375
1 0.7203125 0.33046875 0.125 0.2234375
1 0.1390625 0.33203125 0.13203125 0.2265625
1 0.2515625 0.3359375 0.12421875 0.19921875
1 0.3671875 0.3359375 0.12578125 0.190625
1 0.94140625 0.3375 0.1171875 0.20625
1 0.79765625 0.509375 0.1453125 0.2125
1 0.5546875 0.51640625 0.12265625 0.2109375
1 0.675 0.515625 0.12578125 0.19921875
1 0.0890625 0.515625 0.121875 0.19609375
1 0.9109375 0.515625 0.12265625 0.19375
1 0.20625 0.51875 0.121875 0.19765625
1 0.31875 0.521875 0.121875 0.203125
1 0.4328125 0.52265625 0.12890625 0.2046875
1 0.74453125 0.696875 0.1328125 0.21953125
1 0.8546875 0.69921875 0.14765625 0.2109375
1 0.62109375 0.703125 0.1359375 0.21640625
1 0.15546875 0.7046875 0.1359375 0.19765625
1 0.0484375 0.7046875 0.096875 0.203125
1 0.26953125 0.70859375 0.1203125 0.1859375
1 0.5 0.7078125 0.125 0.22109375
1 0.9515625 0.709375 0.096875 0.215625
1 0.37890625 0.7140625 0.1328125 0.19921875
1 0.575 0.8828125 0.12109375 0.21640625
1 0.340625 0.8890625 0.12265625 0.209375
1 0.93125 0.88984375 0.12890625 0.2203125
1 0.028125 0.88984375 0.05625 0.2203125
1 0.2234375 0.8921875 0.121875 0.203125
1 0.69375 0.8921875 0.12734375 0.20625
1 0.81953125 0.8921875 0.1359375 0.20625
1 0.103125 0.8921875 0.11328125 0.21328125
1 0.46015625 0.8953125 0.1265625 0.209375
1 0.0125 0.50625 0.025 0.178125
