1 0.30703125 0.303125 0.0140625 0.04609375
1 0.7328125 0.315625 0.0125 0.03828125
1 0.69296875 0.31796875 0.0140625 0.0484375
1 0.4703125 0.31796875 0.03515625 0.0796875
1 0.50234375 0.3171875 0.0421875 0.1
1 0.70625 0.31875 0.015625 0.046875
1 0.7203125 0.3171875 0.015625 0.04453125
1 0.6546875 0.31953125 0.015625 0.0484375
1 0.6671875 0.31875 0.0125 0.04140625
1 0.446875 0.321875 0.03046875 0.096875
1 0.6796875 0.3234375 0.01328125 0.03984375
1 0.628125 0.32265625 0.02890625 0.0859375
1 0.5390625 0.3234375 0.040625 0.09140625
1 0.4234375 0.32578125 0.03046875 0.0984375
1 0.26484375 0.328125 0.0234375 0.11015625
1 0.284375 0.328125 0.02578125 0.09453125
1 0.378125 0.33046875 0.02265625 0.0984375
1 0.39921875 0.33125 0.0171875 0.09453125
1 0.253125 0.3328125 0.021875 0.09296875
1 0.3234375 0.3328125 0.01796875 0.08984375
1 0.57109375 0.33125 0.0359375 0.11015625
1 0.35390625 0.3328125 0.0265625 0.11171875
1 0.31328125 0.334375 0.0140625 0.09140625
1 0.334375 0.334375 0.0125 0.09453125
1 0.23984375 0.3375 0.0265625 0.084375
1 0.6015625 0.3375 0.03125 0.10859375
1 0.0828125 0.36484375 0.05859375 0.1296875
1 0.05 0.371875 0.04765625 0.13828125
1 0.0203125 0.384375 0.040625 0.1625
1 0.4921875 0.665625 0.86328125 0.58515625
1 0.8171875 0.25703125 0.36328125 0.1578125
1 0.81875 0.403125 0.3625 0.184375
