1 0.7515625 0.16328125 0.06484375 0.0890625
1 0.65 0.1765625 0.0875 0.078125
1 0.55 0.203125 0.07578125 0.0875
1 0.4640625 0.221875 0.08984375 0.08359375
1 0.78984375 0.221875 0.0828125 0.10390625
1 0.38125 0.228125 0.071875 0.0875
1 0.69375 0.234375 0.10546875 0.09296875
1 0.3109375 0.2453125 0.09296875 0.084375
1 0.23125 0.24609375 0.09296875 0.0890625
1 0.609375 0.2515625 0.08046875 0.09140625
1 0.5125 0.2765625 0.08046875 0.09140625
1 0.4140625 0.29140625 0.10078125 0.0890625
1 0.34453125 0.3015625 0.0828125 0.075
1 0.75 0.3046875 0.10234375 0.09296875
1 0.2703125 0.31484375 0.08984375 0.0765625
1 0.6515625 0.321875 0.08046875 0.07890625
1 0.55625 0.3328125 0.07890625 0.078125
1 0.4609375 0.35546875 0.07578125 0.0859375
1 0.3796875 0.3625 0.08046875 0.08203125
1 0.3 0.371875 0.06796875 0.090625
1 0.796875 0.3859375 0.10234375 0.11640625
1 0.2421875 0.390625 0.06484375 0.078125
1 0.7015625 0.3921875 0.10625 0.09453125
1 0.5171875 0.4125 0.08671875 0.0875
1 0.6 0.40625 0.1 0.084375
1 0.4171875 0.43046875 0.08203125 0.0890625
1 0.3375 0.446875 0.084375 0.08046875
1 0.7421875 0.4609375 0.10390625 0.1
1 0.259375 0.4609375 0.09140625 0.08203125
1 0.6453125 0.478125 0.1125 0.09453125
1 0.55625 0.48125 0.09296875 0.103125
1 0.465625 0.49375 0.1 0.09453125
1 0.3765625 0.51328125 0.071875 0.0859375
1 0.2984375 0.528125 0.07890625 0.09296875
1 0.23125 0.5375 0.06796875 0.084375
1 0.796875 0.546875 0.10390625 0.121875
1 0.60625 0.5578125 0.07265625 0.09453125
1 0.6984375 0.559375 0.109375 0.0875
1 0.515625 0.565625 0.09140625 0.096875
1 0.4328125 0.571875 0.10390625 0.09453125
1 0.33828125 0.5921875 0.0953125 0.09609375
1 0.2640625 0.596875 0.08984375 0.0875
1 0.74453125 0.6234375 0.1109375 0.10703125
1 0.6453125 0.634375 0.11796875 0.1
1 0.5609375 0.6390625 0.1 0.10546875
1 0.46875 0.64140625 0.09140625 0.0984375
1 0.3890625 0.653125 0.09296875 0.09296875
1 0.2859375 0.6640625 0.09453125 0.109375
1 0.209375 0.66875 0.0875 0.09453125
1 0.7984375 0.709375 0.10546875 0.13359375
1 0.703125 0.715625 0.10546875 0.10390625
1 0.5171875 0.7203125 0.096875 0.09296875
1 0.6046875 0.721875 0.1 0.09296875
1 0.428125 0.728125 0.08984375 0.08359375
1 0.34375 0.7296875 0.08984375 0.08359375
1 0.25 0.74375 0.08203125 0.078125
1 0.3890625 0.79375 0.0875 0.09453125
1 0.64375 0.80078125 0.10078125 0.0984375
1 0.3078125 0.8015625 0.09609375 0.1
1 0.74296875 0.8015625 0.1078125 0.10546875
1 0.465625 0.803125 0.09140625 0.09609375
1 0.5546875 0.803125 0.10078125 0.1
1 0.1921875 0.825 0.08203125 0.1
1 0.2453125 0.8734375 0.09453125 0.109375
1 0.33125 0.8765625 0.08203125 0.0875
1 0.6015625 0.88125 0.11953125 0.1
1 0.7984375 0.8796875 0.10390625 0.11640625
1 0.4265625 0.8828125 0.1 0.09609375
1 0.5109375 0.88359375 0.096875 0.0890625
1 0.696875 0.88515625 0.121875 0.1015625
