1 0.1125 0.3453125 0.11875 0.12734375
1 0.21484375 0.346875 0.1015625 0.12421875
1 0.40078125 0.34765625 0.1109375 0.1359375
1 0.51171875 0.35 0.1171875 0.14609375
1 0.3140625 0.35 0.10546875 0.13828125
1 0.0375 0.353125 0.075 0.14453125
1 0.70625 0.3546875 0.08125 0.15
1 0.7953125 0.35703125 0.109375 0.1359375
1 0.621875 0.359375 0.10859375 0.13125
1 0.896875 0.359375 0.09140625 0.13984375
1 0.96484375 0.359375 0.0640625 0.13125
1 0.209375 0.453125 0.128125 0.12421875
1 0.09609375 0.45859375 0.0984375 0.1328125
1 0.5984375 0.45859375 0.1 0.1515625
1 0.4984375 0.4609375 0.10546875 0.1375
1 0.2859375 0.465625 0.128125 0.12890625
1 0.39453125 0.465625 0.0984375 0.13125
1 0.69296875 0.4671875 0.1140625 0.13984375
1 0.89296875 0.46953125 0.0984375 0.1171875
1 0.803125 0.471875 0.096875 0.10390625
1 0.97109375 0.478125 0.0578125 0.13828125
1 0.884375 0.565625 0.08671875 0.14140625
1 0.17109375 0.56875 0.1171875 0.14453125
1 0.3828125 0.578125 0.1 0.13984375
1 0.26875 0.578125 0.12578125 0.15
1 0.48125 0.5796875 0.1125 0.14609375
1 0.6921875 0.5796875 0.12421875 0.14140625
1 0.79921875 0.58125 0.0828125 0.11171875
1 0.584375 0.5828125 0.109375 0.15859375
1 0.06171875 0.58125 0.1109375 0.14453125
1 0.96328125 0.5859375 0.0734375 0.1375
1 0.14453125 0.68125 0.1140625 0.14453125
1 0.465625 0.6890625 0.1125 0.134375
1 0.5671875 0.690625 0.11953125 0.13828125
1 0.2390625 0.69375 0.1125 0.14140625
1 0.68125 0.6984375 0.14375 0.17421875
1 0.78203125 0.7 0.1265625 0.14140625
1 0.0453125 0.7015625 0.090625 0.1375
1 0.3515625 0.70234375 0.12421875 0.1671875
1 0.8765625 0.7015625 0.11640625 0.14140625
1 0.96328125 0.71796875 0.0734375 0.1296875
