1 0.753125 0.709375 0.13828125 0.109375
1 0.878125 0.7125 0.140625 0.090625
1 0.634375 0.7140625 0.14609375 0.103125
1 0.378125 0.7234375 0.153125 0.115625
1 0.5171875 0.721875 0.171875 0.10390625
1 0.25625 0.7234375 0.153125 0.10390625
1 0.06875 0.75 0.1375 0.115625
1 0.93828125 0.79375 0.1234375 0.1125
1 0.8390625 0.7984375 0.14609375 0.10390625
1 0.5890625 0.80625 0.14609375 0.10703125
1 0.715625 0.8078125 0.12578125 0.10859375
1 0.31484375 0.8109375 0.1609375 0.125
1 0.46015625 0.815625 0.1703125 0.11953125
1 0.1609375 0.8171875 0.17734375 0.11796875
1 0.1375 0.20625 0.1 0.08203125
1 0.240625 0.209375 0.10703125 0.08046875
1 0.3515625 0.2203125 0.10703125 0.08203125
1 0.4375 0.23984375 0.09765625 0.0859375
1 0.7375 0.2390625 0.09765625 0.06953125
1 0.634375 0.240625 0.10859375 0.06796875
1 0.53671875 0.24375 0.1109375 0.078125
1 0.18515625 0.2640625 0.1171875 0.065625
1 0.29375 0.27421875 0.109375 0.0640625
1 0.3921875 0.2875 0.10390625 0.071875
1 0.60625 0.290625 0.1 0.04453125
1 0.4921875 0.3 0.08671875 0.05703125
1 0.6921875 0.29765625 0.08828125 0.0484375
1 0.78125 0.303125 0.09765625 0.065625
1 0.2375 0.32265625 0.11171875 0.0796875
1 0.12421875 0.32109375 0.1171875 0.0734375
1 0.5765625 0.33125 0.103125 0.07109375
1 0.34375 0.334375 0.115625 0.08125
1 0.4484375 0.34375 0.10078125 0.06875
1 0.75703125 0.34296875 0.1015625 0.0734375
1 0.675 0.34375 0.09765625 0.06796875
1 0.175 0.3796875 0.140625 0.075
1 0.2921875 0.384375 0.1125 0.08203125
1 0.63125 0.390625 0.10703125 0.08203125
1 0.5265625 0.38984375 0.103125 0.0765625
1 0.4 0.39375 0.10390625 0.084375
1 0.83046875 0.39375 0.1109375 0.06796875
1 0.728125 0.396875 0.10078125 0.071875
1 0.48671875 0.43828125 0.1203125 0.0765625
1 0.109375 0.43359375 0.13125 0.0796875
1 0.690625 0.44296875 0.10859375 0.0734375
1 0.5890625 0.44375 0.10859375 0.07109375
1 0.796875 0.446875 0.10546875 0.071875
1 0.2328125 0.446875 0.1125 0.07890625
1 0.3484375 0.4484375 0.10859375 0.084375
1 0.4375 0.496875 0.121875 0.08203125
1 0.653125 0.50546875 0.10859375 0.0859375
1 0.546875 0.5046875 0.115625 0.08046875
1 0.2921875 0.51015625 0.128125 0.0859375
1 0.765625 0.509375 0.12578125 0.078125
1 0.86484375 0.509375 0.1234375 0.075
1 0.1640625 0.5125 0.12265625 0.078125
1 0.384375 0.5640625 0.13671875 0.08046875
1 0.61484375 0.56640625 0.1140625 0.0859375
1 0.5 0.56640625 0.1125 0.0890625
1 0.83671875 0.56953125 0.1109375 0.0859375
1 0.73046875 0.5703125 0.1140625 0.08359375
1 0.0796875 0.571875 0.14609375 0.07890625
1 0.22265625 0.58125 0.1109375 0.08359375
1 0.684375 0.640625 0.121875 0.09609375
1 0.45078125 0.640625 0.1328125 0.09140625
1 0.3140625 0.6421875 0.15859375 0.090625
1 0.79453125 0.6421875 0.1421875 0.090625
1 0.9125 0.6421875 0.13125 0.090625
1 0.5640625 0.646875 0.13125 0.084375
1 0.1390625 0.65546875 0.16484375 0.0984375
