1 0.67890625 0.3015625 0.2171875 0.4375
1 0.90390625 0.3015625 0.1921875 0.45
1 0.2296875 0.3296875 0.41328125 0.64296875
1 0.7203125 0.65 0.17421875 0.08203125
1 0.85078125 0.70390625 0.2265625 0.1046875
1 0.721875 0.7125 0.08671875 0.06484375
1 0.8671875 0.79453125 0.25234375 0.1015625
1 0.73671875 0.8015625 0.0703125 0.09921875
1 0.74375 0.88671875 0.084375 0.1015625
1 0.8765625 0.9 0.24453125 0.12734375
1 0.3578125 0.8828125 0.21328125 0.16015625
1 0.28125 0.74375 0.19765625 0.10546875
1 0.2125 0.86875 0.07109375 0.11953125
