1 0.3609375 0.403125 0.146875 0.321875
1 0.509375 0.43125 0.13515625 0.35
1 0.6671875 0.4578125 0.1625 0.37265625
1 0.2375 0.7171875 0.13515625 0.31640625
1 0.371875 0.7671875 0.11875 0.36953125
1 0.5125 0.809375 0.15390625 0.38125
1 0.9109375 0.421875 0.14453125 0.31171875
1 0.65 0.83203125 0.11171875 0.3328125
1 0.1265625 0.7140625 0.11875 0.28671875
1 0.784375 0.86875 0.14375 0.2625
1 0.9 0.75 0.10390625 0.33046875
1 0.096875 0.5671875 0.08671875 0.19140625
1 0.1265625 0.41796875 0.1125 0.1578125
1 0.234375 0.4109375 0.09921875 0.14765625
