1 0.4234375 0.3046875 0.26875 0.36875
1 0.6640625 0.3328125 0.275 0.453125
1 0.9375 0.33984375 0.125 0.5359375
1 0.15625 0.3828125 0.30625 0.52421875
1 0.4609375 0.59375 0.346875 0.52578125
1 0.140625 0.60625 0.278125 0.59453125
1 0.803125 0.61953125 0.36171875 0.7140625
1 0.4296875 0.80078125 0.43671875 0.3984375
1 0.890625 0.80859375 0.21875 0.3828125
1 0.10703125 0.815625 0.2140625 0.36875
1 0.4 0.090625 0.19375 0.16015625
1 0.6453125 0.16640625 0.18046875 0.3140625
1 0.86875 0.1796875 0.24375 0.359375
1 0.1609375 0.2078125 0.275 0.40703125
