1 0.76875 0.353125 0.02578125 0.240625
1 0.696875 0.4 0.03515625 0.353125
1 0.74375 0.4234375 0.03203125 0.18671875
1 0.63359375 0.42109375 0.0421875 0.4296875
1 0.67109375 0.4703125 0.0546875 0.30078125
1 0.478125 0.49375 0.065625 0.64453125
1 0.5828125 0.51015625 0.06796875 0.4171875
1 0.390625 0.571875 0.08515625 0.803125
1 0.2296875 0.571875 0.13515625 0.8375
1 0.1234375 0.58203125 0.171875 0.8359375
1 0.31796875 0.5859375 0.1015625 0.828125
1 0.5515625 0.6921875 0.125 0.11796875
1 0.5421875 0.72734375 0.09375 0.1265625
