1 0.5328125 0.37890625 0.06640625 0.6453125
1 0.48828125 0.396875 0.0703125 0.665625
1 0.434375 0.4125 0.0875 0.68203125
1 0.353125 0.43984375 0.09453125 0.6890625
1 0.296875 0.4625 0.11328125 0.72421875
1 0.06171875 0.465625 0.1234375 0.671875
1 0.22734375 0.4734375 0.1296875 0.74140625
1 0.82734375 0.4828125 0.3453125 0.22109375
1 0.15546875 0.50859375 0.1546875 0.7890625
1 0.85703125 0.52109375 0.2859375 0.2234375
1 0.89609375 0.6390625 0.2078125 0.253125
1 0.91328125 0.79765625 0.1703125 0.2390625
