1 0.303125 0.21953125 0.13203125 0.4296875
1 0.359375 0.2609375 0.09765625 0.46875
1 0.453125 0.29765625 0.13671875 0.5171875
1 0.5375 0.346875 0.159375 0.57578125
1 0.68125 0.3796875 0.20859375 0.61953125
1 0.84921875 0.271875 0.1578125 0.47578125
1 0.325 0.6234375 0.10078125 0.36328125
1 0.38359375 0.6921875 0.0859375 0.35859375
1 0.44375 0.7671875 0.10390625 0.42421875
1 0.54609375 0.8203125 0.1515625 0.359375
1 0.8359375 0.765625 0.17578125 0.46796875
1 0.69140625 0.8484375 0.1921875 0.303125
1 0.94921875 0.68125 0.1015625 0.38828125
