1 0.040625 0.225 0.078125 0.325
1 0.0953125 0.26953125 0.08828125 0.3359375
1 0.18515625 0.2671875 0.1296875 0.37578125
1 0.25625 0.315625 0.15234375 0.39921875
1 0.40625 0.3453125 0.15625 0.42421875
1 0.5015625 0.30390625 0.11796875 0.3734375
1 0.5859375 0.2671875 0.1 0.33828125
1 0.6984375 0.325 0.128125 0.365625
1 0.784375 0.3234375 0.06796875 0.29296875
1 0.8484375 0.2828125 0.06796875 0.29296875
1 0.87578125 0.24921875 0.0796875 0.2640625
1 0.97890625 0.2296875 0.0421875 0.21875
1 0.9640625 0.4578125 0.071875 0.21328125
1 0.1125 0.5734375 0.1 0.23984375
1 0.18671875 0.6109375 0.0921875 0.26953125
1 0.26796875 0.6609375 0.1328125 0.31875
1 0.39765625 0.7109375 0.1359375 0.28828125
1 0.5703125 0.6953125 0.13203125 0.35703125
1 0.6765625 0.6484375 0.1 0.29296875
1 0.7578125 0.6125 0.06796875 0.22109375
1 0.815625 0.5703125 0.06796875 0.21328125
1 0.865625 0.5203125 0.05 0.17578125
