1 0.0234375 0.24140625 0.04375 0.2984375
1 0.05703125 0.240625 0.0328125 0.30546875
1 0.1046875 0.2203125 0.08828125 0.31015625
1 0.2 0.21484375 0.08984375 0.2984375
1 0.2734375 0.2171875 0.04609375 0.3125
1 0.34375 0.1828125 0.08828125 0.33359375
1 0.434375 0.196875 0.09375 0.321875
1 0.51171875 0.2421875 0.0734375 0.26484375
1 0.5828125 0.26171875 0.06171875 0.2484375
1 0.6515625 0.2453125 0.07265625 0.253125
1 0.70625 0.2625 0.04375 0.24609375
1 0.7453125 0.26953125 0.03828125 0.2296875
1 0.784375 0.2890625 0.0375 0.21796875
1 0.8140625 0.3 0.03203125 0.20390625
1 0.8453125 0.31484375 0.03046875 0.1796875
1 0.875 0.321875 0.03203125 0.18203125
1 0.89765625 0.3390625 0.0171875 0.15859375
1 0.91484375 0.3421875 0.0203125 0.15859375
1 0.94296875 0.3609375 0.0359375 0.13515625
1 0.9828125 0.36640625 0.034375 0.1328125
1 0.0234375 0.5265625 0.046875 0.28203125
1 0.10078125 0.525 0.1015625 0.27734375
1 0.20390625 0.5171875 0.0921875 0.28203125
1 0.275 0.515625 0.05 0.29375
1 0.3421875 0.5171875 0.08671875 0.31953125
1 0.4375 0.50625 0.090625 0.30546875
1 0.5265625 0.51484375 0.065625 0.2671875
1 0.5859375 0.5109375 0.04765625 0.24375
1 0.6546875 0.50625 0.075 0.25078125
1 0.7125 0.5078125 0.04765625 0.24140625
1 0.75390625 0.5015625 0.0359375 0.22734375
1 0.78671875 0.5078125 0.0359375 0.20390625
1 0.81875 0.503125 0.0375 0.19453125
1 0.846875 0.503125 0.025 0.196875
1 0.8671875 0.49921875 0.02109375 0.1890625
1 0.8859375 0.4921875 0.02265625 0.17265625
1 0.90625 0.50234375 0.01640625 0.1609375
1 0.92734375 0.5 0.0203125 0.1375
1 0.95234375 0.50390625 0.0265625 0.1328125
1 0.98125 0.4984375 0.03515625 0.13046875
1 0.0234375 0.80703125 0.046875 0.2796875
1 0.0671875 0.8 0.03828125 0.26484375
1 0.1125 0.815625 0.08125 0.31484375
1 0.2046875 0.8234375 0.090625 0.29609375
1 0.27734375 0.8078125 0.0515625 0.30078125
1 0.34140625 0.8390625 0.0921875 0.31953125
1 0.4484375 0.828125 0.10234375 0.32265625
1 0.48671875 0.803125 0.0359375 0.29140625
1 0.5328125 0.77265625 0.065625 0.2671875
1 0.58515625 0.759375 0.0515625 0.25546875
1 0.6578125 0.76328125 0.07421875 0.2484375
1 0.71328125 0.753125 0.0328125 0.22734375
1 0.753125 0.73984375 0.03984375 0.2109375
1 0.7921875 0.728125 0.034375 0.20625
1 0.821875 0.7078125 0.025 0.20390625
1 0.8515625 0.69921875 0.02265625 0.1921875
1 0.871875 0.68203125 0.02265625 0.1796875
1 0.89375 0.66953125 0.01875 0.1703125
1 0.91015625 0.646875 0.0296875 0.17734375
1 0.9375 0.6515625 0.02265625 0.16796875
1 0.9640625 0.6375 0.02265625 0.146875
1 0.9890625 0.63671875 0.021875 0.1421875
