1 0.190625 0.25703125 0.18984375 0.5046875
1 0.36875 0.3296875 0.14453125 0.45078125
1 0.459375 0.3625 0.11796875 0.37578125
1 0.559375 0.3703125 0.10078125 0.33828125
1 0.60859375 0.40234375 0.0953125 0.2796875
1 0.67421875 0.4125 0.0640625 0.246875
1 0.7171875 0.41484375 0.05703125 0.2421875
1 0.75625 0.4234375 0.05703125 0.209375
1 0.803125 0.4296875 0.0375 0.19765625
1 0.83125 0.434375 0.03046875 0.178125
1 0.8578125 0.4328125 0.021875 0.17109375
1 0.875 0.4296875 0.01953125 0.140625
1 0.9 0.4328125 0.021875 0.12421875
1 0.92578125 0.44453125 0.0234375 0.1359375
1 0.95 0.4515625 0.01796875 0.11953125
1 0.9734375 0.4578125 0.01953125 0.1125
1 0.9921875 0.47265625 0.015625 0.0984375
1 0.1765625 0.7640625 0.20625 0.471875
1 0.35859375 0.771875 0.1390625 0.41796875
1 0.4828125 0.72421875 0.09921875 0.3640625
1 0.5703125 0.70078125 0.08515625 0.3171875
1 0.6375 0.6875 0.06015625 0.26328125
1 0.68828125 0.66640625 0.0546875 0.2515625
1 0.7359375 0.65234375 0.0375 0.2234375
1 0.76875 0.63125 0.04765625 0.22578125
1 0.80859375 0.6296875 0.0265625 0.19296875
1 0.8359375 0.6265625 0.03046875 0.178125
1 0.86484375 0.6078125 0.0265625 0.16875
1 0.896875 0.5875 0.03046875 0.16640625
1 0.9203125 0.5765625 0.01953125 0.15234375
1 0.946875 0.57265625 0.01953125 0.0890625
1 0.978125 0.56328125 0.025 0.0890625
1 0.465625 0.95390625 0.12890625 0.0921875
1 0.56875 0.93125 0.084375 0.1375
1 0.6328125 0.9140625 0.08515625 0.171875
1 0.68515625 0.8984375 0.0734375 0.203125
1 0.73984375 0.8859375 0.0546875 0.228125
1 0.78125 0.853125 0.040625 0.21640625
1 0.81484375 0.8234375 0.0390625 0.21875
1 0.853125 0.7953125 0.03203125 0.19765625
1 0.8828125 0.7671875 0.03359375 0.16171875
1 0.91953125 0.74453125 0.0234375 0.1265625
1 0.94296875 0.7203125 0.0234375 0.13359375
1 0.96875 0.7015625 0.0125 0.12421875
1 0.99140625 0.6875 0.0171875 0.09375
1 0.7765625 0.98359375 0.040625 0.0328125
1 0.8328125 0.959375 0.075 0.08125
1 0.87578125 0.93984375 0.0390625 0.1203125
1 0.9109375 0.915625 0.0375 0.13125
1 0.925 0.875 0.040625 0.121875
1 0.9546875 0.84375 0.03046875 0.10546875
1 0.9828125 0.8234375 0.025 0.1125
