1 0.0203125 0.2375 0.03984375 0.309375
1 0.02421875 0.5375 0.0484375 0.28125
1 0.01953125 0.80625 0.0390625 0.27421875
1 0.1046875 0.803125 0.10078125 0.28828125
1 0.103125 0.51171875 0.09375 0.2765625
1 0.09765625 0.2171875 0.1046875 0.290625
1 0.2 0.2078125 0.08984375 0.29765625
1 0.2046875 0.5171875 0.08203125 0.27890625
1 0.20390625 0.80703125 0.0953125 0.2859375
1 0.28125 0.7953125 0.05625 0.30703125
1 0.3421875 0.825 0.08984375 0.32890625
1 0.4421875 0.82109375 0.09375 0.3046875
1 0.5234375 0.76875 0.0875 0.27421875
1 0.4765625 0.7828125 0.06328125 0.259375
1 0.2734375 0.21640625 0.06328125 0.2859375
1 0.34296875 0.17109375 0.0859375 0.3421875
1 0.27109375 0.509375 0.0578125 0.26640625
1 0.34375 0.5046875 0.08046875 0.30703125
1 0.4390625 0.49375 0.09296875 0.31171875
1 0.44140625 0.19375 0.0984375 0.32109375
1 0.51171875 0.228125 0.0765625 0.28125
1 0.5265625 0.5 0.078125 0.23828125
1 0.58359375 0.5046875 0.0609375 0.24765625
1 0.5875 0.74921875 0.05 0.2359375
1 0.584375 0.259375 0.06484375 0.24296875
1 0.653125 0.2515625 0.07265625 0.26875
1 0.653125 0.5078125 0.07578125 0.259375
1 0.653125 0.7625 0.07578125 0.23125
1 0.70625 0.253125 0.04609375 0.25
1 0.71640625 0.515625 0.0484375 0.25
1 0.71953125 0.74609375 0.0484375 0.2359375
1 0.7625 0.71875 0.03671875 0.240625
1 0.7609375 0.5046875 0.03515625 0.20703125
1 0.7484375 0.259375 0.05234375 0.25703125
1 0.78984375 0.2921875 0.0390625 0.22109375
1 0.82890625 0.2984375 0.0296875 0.2
1 0.8640625 0.3234375 0.03515625 0.16875
1 0.8953125 0.334375 0.02578125 0.16640625
1 0.921875 0.3390625 0.02890625 0.140625
1 0.95546875 0.3671875 0.0328125 0.11640625
1 0.9859375 0.3703125 0.028125 0.121875
1 0.79375 0.5078125 0.03125 0.18828125
1 0.79375 0.709375 0.02890625 0.19765625
1 0.8171875 0.49375 0.03671875 0.20234375
1 0.8546875 0.4984375 0.02734375 0.16953125
1 0.8828125 0.49375 0.02890625 0.159375
1 0.91015625 0.5046875 0.0234375 0.11640625
1 0.93515625 0.496875 0.0234375 0.13125
1 0.9609375 0.4984375 0.02890625 0.10703125
1 0.9859375 0.49765625 0.028125 0.1453125
1 0.828125 0.703125 0.02734375 0.18828125
1 0.8515625 0.6875 0.02421875 0.18125
1 0.88125 0.684375 0.01953125 0.15703125
1 0.90234375 0.6578125 0.0296875 0.15234375
1 0.928125 0.634375 0.02890625 0.140625
1 0.9609375 0.63046875 0.03125 0.1265625
1 0.9875 0.6234375 0.02421875 0.15703125
