1 0.2953125 0.115625 0.040625 0.140625
1 0.3109375 0.2421875 0.046875 0.09609375
1 0.3390625 0.1109375 0.05703125 0.14375
1 0.3484375 0.2328125 0.040625 0.10546875
1 0.409375 0.078125 0.03125 0.121875
1 0.44609375 0.0875 0.0421875 0.12421875
1 0.490625 0.0890625 0.046875 0.16875
1 0.528125 0.096875 0.040625 0.159375
1 0.57890625 0.0953125 0.0453125 0.17109375
1 0.6265625 0.08984375 0.05078125 0.1734375
1 0.684375 0.0890625 0.04765625 0.178125
1 0.7375 0.084375 0.05390625 0.159375
1 0.796875 0.0953125 0.06796875 0.18046875
1 0.8640625 0.09140625 0.05234375 0.1640625
1 0.940625 0.08671875 0.07265625 0.1734375
1 0.43359375 0.21640625 0.0390625 0.1328125
1 0.4640625 0.234375 0.028125 0.10078125
1 0.49609375 0.2375 0.0296875 0.10546875
1 0.525 0.2375 0.028125 0.11484375
1 0.5734375 0.2484375 0.0375 0.13125
1 0.6296875 0.2546875 0.04921875 0.14296875
1 0.3546875 0.7984375 0.34140625 0.40234375
1 0.48671875 0.6828125 0.1921875 0.46484375
1 0.5734375 0.5296875 0.13203125 0.34921875
1 0.7390625 0.70078125 0.24296875 0.3984375
1 0.71953125 0.86640625 0.2734375 0.2671875
1 0.9359375 0.7796875 0.128125 0.440625
1 0.7484375 0.521875 0.16640625 0.27421875
1 0.92890625 0.54453125 0.1421875 0.3234375
1 0.93046875 0.421875 0.1390625 0.19921875
1 0.6515625 0.3890625 0.10546875 0.1875
1 0.7828125 0.40625 0.13203125 0.23203125
1 0.6953125 0.25 0.07578125 0.09609375
1 0.790625 0.259375 0.08671875 0.09609375
1 0.890625 0.2640625 0.08515625 0.08671875
1 0.96796875 0.2546875 0.0640625 0.15234375
1 0.0453125 0.90546875 0.090625 0.1890625
1 0.13359375 0.93125 0.1734375 0.1375
1 0.1484375 0.76640625 0.134375 0.1734375
1 0.06015625 0.725 0.1203125 0.17578125
1 0.0390625 0.6171875 0.071875 0.10078125
1 0.2515625 0.65 0.103125 0.13828125
1 0.16484375 0.6078125 0.0890625 0.121875
1 0.1078125 0.590625 0.0875 0.12421875
1 0.0390625 0.5234375 0.078125 0.12890625
1 0.0671875 0.4171875 0.06875 0.103125
1 0.12734375 0.490625 0.0859375 0.065625
1 0.19609375 0.509375 0.0859375 0.075
1 0.24765625 0.528125 0.0890625 0.07265625
1 0.3390625 0.5625 0.075 0.09609375
1 0.13828125 0.421875 0.0515625 0.046875
1 0.20703125 0.440625 0.0546875 0.0375
1 0.265625 0.4390625 0.04375 0.05390625
1 0.32109375 0.440625 0.0671875 0.103125
1 0.37109375 0.45234375 0.0796875 0.0984375
1 0.4453125 0.4328125 0.06875 0.08203125
1 0.48359375 0.4078125 0.0546875 0.05859375
1 0.0421875 0.290625 0.05 0.084375
1 0.0234375 0.19453125 0.046875 0.0984375
1 0.11875 0.2546875 0.04375 0.08671875
1 0.521875 0.33359375 0.04375 0.0609375
1 0.475 0.35 0.05625 0.075
1 0.4125 0.36640625 0.06875 0.0703125
1 0.2984375 0.3796875 0.096875 0.046875
1 0.13125 0.36875 0.05625 0.05859375
1 0.146875 0.3109375 0.065625 0.04921875
1 0.2125 0.3046875 0.053125 0.05625
1 0.26484375 0.2890625 0.0515625 0.065625
1 0.21171875 0.3875 0.0671875 0.06328125
1 0.33046875 0.30234375 0.0734375 0.0609375
1 0.4234375 0.3203125 0.071875 0.06796875
1 0.4125 0.20234375 0.03671875 0.1109375
