1 0.03125 0.521875 0.05859375 0.371875
1 0.1234375 0.54375 0.125 0.32265625
1 0.240625 0.546875 0.09609375 0.309375
1 0.3390625 0.54609375 0.09765625 0.3234375
1 0.0765625 0.84296875 0.15 0.3140625
1 0.21796875 0.8453125 0.1296875 0.309375
1 0.38125 0.84453125 0.15625 0.3109375
1 0.5359375 0.7265625 0.08203125 0.25859375
1 0.60625 0.8453125 0.11328125 0.309375
1 0.75234375 0.8625 0.1609375 0.275
1 0.91328125 0.86953125 0.1734375 0.2609375
1 0.728125 0.4921875 0.171875 0.47109375
1 0.91015625 0.4703125 0.1796875 0.54140625
