1 0.0484375 0.178125 0.08125 0.24765625
1 0.1484375 0.1828125 0.1 0.21796875
1 0.1390625 0.61875 0.234375 0.678125
1 0.24453125 0.215625 0.0828125 0.23828125
1 0.3375 0.21953125 0.075 0.1921875
1 0.3125 0.5390625 0.121875 0.425
1 0.3484375 0.48125 0.07890625 0.321875
1 0.409375 0.45 0.05 0.22890625
1 0.39609375 0.88984375 0.1390625 0.2203125
1 0.31328125 0.8796875 0.1078125 0.240625
1 0.18046875 0.9640625 0.1796875 0.06953125
1 0.9421875 0.57578125 0.065625 0.1921875
1 0.9328125 0.39765625 0.04453125 0.1640625
1 0.58125 0.803125 0.21015625 0.39375
1 0.4515625 0.71484375 0.1375 0.3109375
1 0.6328125 0.06328125 0.08125 0.1265625
1 0.746875 0.1015625 0.065625 0.14375
1 0.628125 0.19765625 0.078125 0.1390625
1 0.6984375 0.2125 0.065625 0.15234375
1 0.678125 0.525 0.065625 0.10078125
1 0.815625 0.4984375 0.05703125 0.08125
1 0.53203125 0.534375 0.0484375 0.10234375
1 0.53046875 0.19765625 0.0640625 0.1546875
1 0.746875 0.225 0.07109375 0.1125
