1 0.071875 0.43125 0.12734375 0.33046875
1 0.1875 0.41328125 0.1875 0.3328125
1 0.384375 0.39375 0.26953125 0.346875
1 0.6375 0.38984375 0.26953125 0.3421875
1 0.8640625 0.38046875 0.26640625 0.3140625
1 0.0453125 0.821875 0.08984375 0.25546875
1 0.13046875 0.7328125 0.1796875 0.25546875
1 0.265625 0.7046875 0.16484375 0.25546875
1 0.44921875 0.71015625 0.2546875 0.2859375
1 0.68046875 0.70078125 0.2328125 0.2671875
1 0.85625 0.6734375 0.14296875 0.26953125
1 0.96640625 0.66875 0.0671875 0.29765625
