1 0.109375 0.72578125 0.21875 0.5015625
1 0.23125 0.7390625 0.19765625 0.47578125
1 0.3671875 0.7203125 0.17421875 0.53203125
1 0.503125 0.7359375 0.18046875 0.5125
1 0.634375 0.71875 0.184375 0.50625
1 0.76640625 0.6921875 0.1953125 0.52734375
1 0.88125 0.50703125 0.178125 0.2265625
1 0.13125 0.490625 0.165625 0.246875
1 0.2390625 0.4984375 0.171875 0.24140625
1 0.3515625 0.47265625 0.1875 0.2296875
1 0.475 0.47421875 0.178125 0.2359375
1 0.596875 0.45859375 0.171875 0.2296875
1 0.7046875 0.4421875 0.14375 0.2
1 0.82890625 0.4359375 0.1453125 0.19921875
