1 0.5765625 0.68671875 0.13828125 0.4578125
1 0.3671875 0.6328125 0.13671875 0.421875
1 0.4859375 0.5875 0.10859375 0.346875
1 0.31953125 0.5296875 0.1203125 0.35703125
1 0.7015625 0.6640625 0.134375 0.428125
1 0.790625 0.6140625 0.09375 0.39765625
1 0.33671875 0.27421875 0.1171875 0.1640625
1 0.4265625 0.40234375 0.12890625 0.1890625
1 0.53203125 0.4140625 0.1234375 0.178125
1 0.61875 0.4515625 0.13125 0.203125
1 0.72421875 0.4484375 0.1328125 0.171875
1 0.5921875 0.296875 0.128125 0.153125
1 0.52734375 0.271875 0.1140625 0.175
1 0.44140625 0.25078125 0.1203125 0.1734375
1 0.284375 0.22265625 0.071875 0.1328125
