1 0.35703125 0.171875 0.0890625 0.14453125
1 0.403125 0.17109375 0.08203125 0.1609375
1 0.459375 0.16484375 0.090625 0.1640625
1 0.5203125 0.16015625 0.084375 0.1796875
1 0.575 0.1671875 0.07421875 0.14375
1 0.5875 0.4171875 0.07421875 0.23515625
1 0.5265625 0.40859375 0.08515625 0.2234375
1 0.475 0.40546875 0.075 0.2140625
1 0.4203125 0.4 0.08359375 0.19140625
1 0.3875 0.42265625 0.065625 0.1171875
1 0.265625 0.88125 0.13828125 0.18984375
1 0.325 0.92421875 0.146875 0.1515625
1 0.40078125 0.9546875 0.1140625 0.08984375
