1 0.809375 0.221875 0.16328125 0.40546875
1 0.7125 0.228125 0.14921875 0.375
1 0.60625 0.24140625 0.121875 0.3453125
1 0.45 0.278125 0.09140625 0.278125
1 0.4078125 0.28671875 0.084375 0.2609375
1 0.396875 0.65 0.1 0.25703125
1 0.321875 0.30703125 0.075 0.2296875
1 0.5734375 0.72578125 0.1375 0.3578125
1 0.6640625 0.7703125 0.14765625 0.409375
1 0.7625 0.79140625 0.171875 0.4015625
1 0.89453125 0.80859375 0.1765625 0.3828125
1 0.3609375 0.30390625 0.08515625 0.2390625
1 0.1984375 0.565625 0.065625 0.175
1 0.33046875 0.91171875 0.0703125 0.1546875
1 0.46484375 0.64375 0.0734375 0.246875
1 0.921875 0.2296875 0.15078125 0.403125
1 0.5171875 0.2640625 0.11484375 0.3125
1 0.2328125 0.203125 0.034375 0.09609375
1 0.25625 0.57265625 0.06015625 0.1703125
1 0.30859375 0.56875 0.0515625 0.16171875
1 0.3546875 0.6359375 0.07578125 0.23359375
1 0.146875 0.19375 0.040625 0.1
1 0.29375 0.8953125 0.071875 0.18203125
