1 0.73828125 0.7171875 0.1546875 0.3375
1 0.5984375 0.7234375 0.1375 0.3375
1 0.4671875 0.71796875 0.134375 0.3265625
1 0.34296875 0.725 0.1296875 0.334375
1 0.21171875 0.721875 0.1359375 0.321875
1 0.2328125 0.24609375 0.125 0.2890625
1 0.3453125 0.24375 0.128125 0.31875
1 0.46953125 0.23203125 0.1359375 0.2921875
1 0.590625 0.2171875 0.13125 0.334375
1 0.7328125 0.2140625 0.13125 0.321875
1 0.928125 0.39453125 0.134375 0.3203125
1 0.9359375 0.8265625 0.128125 0.346875
1 0.9203125 0.0578125 0.1375 0.11484375
