1 0.23125 0.559375 0.12578125 0.29921875
1 0.43671875 0.3109375 0.1046875 0.24140625
1 0.615625 0.2609375 0.10234375 0.22578125
1 0.68203125 0.2671875 0.0890625 0.23125
1 0.0375 0.74375 0.07421875 0.26640625
1 0.2515625 0.8078125 0.11875 0.259375
1 0.3921875 0.83046875 0.13671875 0.3109375
1 0.8484375 0.8546875 0.1125 0.165625
1 0.62421875 0.51484375 0.1046875 0.2953125
1 0.53046875 0.5171875 0.0984375 0.34921875
1 0.4515625 0.57734375 0.134375 0.3421875
1 0.68671875 0.509375 0.0796875 0.26640625
1 0.6265625 0.79375 0.09375 0.25078125
1 0.690625 0.75703125 0.096875 0.2640625
1 0.4703125 0.85 0.05234375 0.24140625
1 0.12734375 0.78203125 0.1109375 0.1703125
