1 0.4484375 0.4125 0.05234375 0.19296875
1 0.628125 0.4296875 0.07109375 0.22734375
1 0.684375 0.4375 0.07421875 0.2375
1 0.73671875 0.44296875 0.0640625 0.2328125
1 0.784375 0.4578125 0.06796875 0.21875
1 0.83125 0.4703125 0.06796875 0.221875
1 0.88125 0.478125 0.0625 0.22265625
1 0.63125 0.86875 0.08203125 0.24140625
1 0.70078125 0.86875 0.0640625 0.23984375
1 0.7578125 0.828125 0.05234375 0.153125
1 0.8046875 0.840625 0.0625 0.15625
1 0.840625 0.8390625 0.06640625 0.16328125
1 0.41640625 0.71875 0.0765625 0.19609375
1 0.48125 0.76328125 0.06953125 0.2046875
1 0.5515625 0.425 0.06953125 0.21171875
1 0.4875 0.415625 0.05078125 0.190625
