1 0.26328125 0.39921875 0.0796875 0.2765625
1 0.4265625 0.9109375 0.23828125 0.17734375
1 0.134375 0.396875 0.11328125 0.315625
1 0.1375 0.70625 0.1125 0.30078125
1 0.2140625 0.6953125 0.08671875 0.27734375
1 0.31875 0.66953125 0.07109375 0.2515625
1 0.2578125 0.6828125 0.075 0.278125
1 0.2921875 0.1328125 0.10078125 0.2625
1 0.12578125 0.1265625 0.0953125 0.253125
1 0.20703125 0.1203125 0.0734375 0.240625
1 0.0484375 0.7 0.07265625 0.30234375
1 0.046875 0.396875 0.07109375 0.30234375
1 0.04609375 0.1265625 0.0671875 0.253125
1 0.2078125 0.4 0.075 0.3
1 0.3109375 0.4015625 0.06796875 0.26953125
