1 0.2125 0.68984375 0.278125 0.5140625
1 0.3703125 0.70390625 0.228125 0.4296875
1 0.503125 0.77734375 0.23359375 0.4453125
1 0.646875 0.7875 0.24921875 0.425
1 0.17578125 0.4703125 0.3015625 0.628125
1 0.3328125 0.3828125 0.2 0.275
1 0.4546875 0.38359375 0.178125 0.2796875
1 0.56015625 0.43671875 0.2140625 0.3078125
1 0.7 0.43671875 0.234375 0.4046875
1 0.79375 0.64609375 0.24140625 0.5765625
1 0.49609375 0.1671875 0.2265625 0.2875
1 0.628125 0.25703125 0.184375 0.2328125
1 0.35 0.16640625 0.2 0.2453125
