1 0.22890625 0.76171875 0.2140625 0.4765625
1 0.39765625 0.728125 0.1921875 0.41875
1 0.540625 0.71875 0.20390625 0.459375
1 0.69375 0.70234375 0.20703125 0.4828125
1 0.1296875 0.58515625 0.196875 0.6046875
1 0.25703125 0.446875 0.1671875 0.25625
1 0.38125 0.4078125 0.15625 0.26484375
1 0.4859375 0.4078125 0.15625 0.26484375
1 0.61796875 0.340625 0.1890625 0.37109375
1 0.75703125 0.46640625 0.1765625 0.5703125
1 0.34765625 0.1703125 0.2359375 0.27421875
1 0.4984375 0.20859375 0.190625 0.2203125
1 0.21328125 0.22890625 0.2078125 0.2328125
