1 0.225 0.38125 0.053125 0.171875
1 0.4265625 0.290625 0.05859375 0.18828125
1 0.4546875 0.278125 0.059375 0.17890625
1 0.48984375 0.275 0.0578125 0.18046875
1 0.5265625 0.2609375 0.065625 0.17890625
1 0.5625 0.253125 0.05625 0.171875
1 0.38125 0.30703125 0.05859375 0.1921875
1 0.3375 0.3265625 0.053125 0.18359375
1 0.2578125 0.365625 0.05625 0.165625
1 0.6421875 0.72734375 0.08203125 0.2453125
1 0.584375 0.6875 0.053125 0.17578125
1 0.69375 0.70078125 0.07421875 0.2390625
1 0.740625 0.64609375 0.075 0.1984375
1 0.78515625 0.6203125 0.0640625 0.15390625
1 0.8296875 0.6140625 0.0625 0.190625
1 0.5046875 0.690625 0.04296875 0.20234375
1 0.46484375 0.69375 0.0484375 0.19921875
1 0.4125 0.684375 0.06640625 0.19375
