1 0.5328125 0.7546875 0.078125 0.15234375
1 0.57734375 0.69375 0.0515625 0.10625
1 0.7703125 0.5765625 0.06796875 0.20234375
1 0.4171875 0.603125 0.08359375 0.22109375
1 0.3703125 0.5859375 0.096875 0.159375
1 0.653125 0.3515625 0.08046875 0.109375
1 0.603125 0.3359375 0.04375 0.13515625
1 0.1390625 0.4078125 0.03671875 0.08828125
1 0.1609375 0.39375 0.034375 0.08515625
1 0.184375 0.384375 0.034375 0.08359375
1 0.753125 0.70625 0.03671875 0.11484375
1 0.7328125 0.6921875 0.02578125 0.10625
1 0.04453125 0.56640625 0.0609375 0.1734375
1 0.0859375 0.5625 0.05546875 0.171875
1 0.02109375 0.74765625 0.0421875 0.1703125
1 0.0515625 0.184375 0.05078125 0.16640625
