1 0.80078125 0.7046875 0.3140625 0.590625
1 0.69453125 0.76953125 0.3171875 0.4609375
1 0.95078125 0.57265625 0.0984375 0.2984375
1 0.91875 0.625 0.16171875 0.39375
1 0.890625 0.7125 0.16171875 0.41171875
1 0.8734375 0.3109375 0.16484375 0.31015625
1 0.790625 0.353125 0.16171875 0.30078125
1 0.4390625 0.83203125 0.32265625 0.3359375
1 0.2671875 0.8453125 0.16484375 0.309375
1 0.171875 0.6 0.28203125 0.671875
1 0.35625 0.46171875 0.22265625 0.4515625
1 0.44609375 0.421875 0.1609375 0.46953125
1 0.5609375 0.27421875 0.17578125 0.2765625
1 0.1984375 0.29453125 0.21328125 0.4828125
