1 0.08203125 0.5203125 0.1640625 0.428125
1 0.14921875 0.59375 0.1859375 0.46796875
1 0.28125 0.6171875 0.19375 0.51875
1 0.4265625 0.6484375 0.19609375 0.490625
1 0.534375 0.65703125 0.22890625 0.5078125
1 0.659375 0.64921875 0.21953125 0.4859375
1 0.84609375 0.5109375 0.1984375 0.23125
1 0.15 0.32890625 0.190625 0.2734375
1 0.24921875 0.35703125 0.1953125 0.2703125
1 0.371875 0.34453125 0.2125 0.2828125
1 0.48203125 0.38359375 0.2015625 0.2640625
1 0.59765625 0.4046875 0.1921875 0.234375
1 0.7109375 0.39921875 0.165625 0.2265625
1 0.83515625 0.409375 0.1671875 0.246875
