1 0.24921875 0.1125 0.0796875 0.17890625
1 0.9390625 0.34453125 0.121875 0.2421875
1 0.16875 0.6453125 0.215625 0.55703125
1 0.328125 0.63828125 0.16328125 0.5328125
1 0.4546875 0.6359375 0.16875 0.46328125
1 0.56640625 0.61640625 0.1390625 0.4203125
1 0.6375 0.59609375 0.10078125 0.3921875
1 0.7 0.5765625 0.09921875 0.35078125
1 0.75859375 0.578125 0.0953125 0.32109375
1 0.8046875 0.5609375 0.06953125 0.28671875
1 0.84375 0.5578125 0.08203125 0.27734375
1 0.7140625 0.85 0.08125 0.25859375
1 0.759375 0.8296875 0.078125 0.22265625
1 0.8015625 0.81328125 0.07265625 0.2046875
1 0.84609375 0.78828125 0.0609375 0.1890625
1 0.8890625 0.7625 0.07265625 0.190625
1 0.9375 0.759375 0.08125 0.19140625
1 0.928125 0.56015625 0.075 0.2203125
