1 0.3546875 0.19296875 0.040625 0.0828125
1 0.37578125 0.1859375 0.0296875 0.071875
1 0.3921875 0.19140625 0.03125 0.0921875
1 0.4140625 0.1859375 0.034375 0.0875
1 0.4296875 0.1765625 0.0375 0.09375
1 0.45859375 0.171875 0.0328125 0.075
1 0.4765625 0.16640625 0.040625 0.1046875
1 0.49765625 0.159375 0.0421875 0.10625
1 0.53671875 0.159375 0.0453125 0.10625
1 0.33046875 0.19921875 0.0328125 0.1015625
1 0.31640625 0.1984375 0.0328125 0.0875
1 0.296875 0.209375 0.03125 0.075
1 0.28046875 0.21015625 0.0390625 0.0859375
1 0.2640625 0.21484375 0.034375 0.0859375
1 0.2375 0.22578125 0.034375 0.0765625
1 0.22109375 0.2296875 0.0359375 0.090625
1 0.20703125 0.23671875 0.0421875 0.1078125
1 0.19375 0.23984375 0.034375 0.0953125
1 0.17890625 0.24296875 0.0328125 0.0921875
1 0.159375 0.25078125 0.03125 0.0765625
1 0.14765625 0.2640625 0.0359375 0.1
1 0.12421875 0.26171875 0.0421875 0.0921875
1 0.1078125 0.26328125 0.034375 0.0796875
1 0.35625 0.85 0.05625 0.13125
1 0.384375 0.83671875 0.05625 0.1328125
1 0.40546875 0.84765625 0.0515625 0.1421875
1 0.4234375 0.82421875 0.05 0.1328125
1 0.44765625 0.821875 0.0546875 0.1375
1 0.159375 0.8390625 0.05 0.125
1 0.5546875 0.2765625 0.0375 0.09375
1 0.5359375 0.27578125 0.034375 0.0921875
1 0.5140625 0.275 0.040625 0.09375
1 0.49921875 0.28828125 0.0390625 0.0984375
1 0.47734375 0.28984375 0.0328125 0.0921875
1 0.4484375 0.29375 0.03125 0.0875
1 0.42890625 0.29921875 0.0359375 0.0828125
1 0.41328125 0.3046875 0.0359375 0.0875
1 0.371875 0.309375 0.034375 0.090625
1 0.390625 0.3078125 0.0375 0.09375
1 0.578125 0.39921875 0.0375 0.0953125
1 0.55625 0.39921875 0.0375 0.0953125
1 0.5359375 0.403125 0.0375 0.1
1 0.51875 0.40546875 0.040625 0.0953125
1 0.49609375 0.4078125 0.0390625 0.09375
1 0.46796875 0.4125 0.0328125 0.090625
1 0.4484375 0.41484375 0.0375 0.0890625
1 0.43046875 0.41484375 0.0359375 0.0953125
1 0.41015625 0.4234375 0.0328125 0.0875
1 0.3953125 0.4234375 0.034375 0.084375
1 0.40859375 0.534375 0.0328125 0.090625
1 0.4265625 0.5359375 0.0375 0.096875
1 0.44609375 0.534375 0.0359375 0.09375
1 0.465625 0.5375 0.040625 0.1
1 0.4859375 0.53359375 0.03125 0.0953125
1 0.51171875 0.52734375 0.0328125 0.0953125
1 0.53359375 0.5296875 0.0359375 0.10625
1 0.5515625 0.52265625 0.034375 0.0921875
1 0.575 0.52578125 0.0375 0.1015625
1 0.59609375 0.51953125 0.0390625 0.0953125
1 0.615625 0.6390625 0.04375 0.10625
1 0.59453125 0.64375 0.0453125 0.11875
1 0.571875 0.64375 0.0375 0.1
1 0.55546875 0.64921875 0.0390625 0.1015625
1 0.5296875 0.64375 0.040625 0.096875
1 0.55078125 0.76953125 0.0390625 0.1046875
1 0.56953125 0.75859375 0.0359375 0.0953125
1 0.59140625 0.759375 0.0359375 0.1
1 0.61328125 0.76328125 0.0328125 0.0953125
1 0.6375 0.76640625 0.040625 0.1046875
1 0.34921875 0.315625 0.0296875 0.0875
1 0.328125 0.3125 0.03125 0.08125
1 0.3109375 0.3171875 0.03125 0.084375
1 0.29375 0.3265625 0.03125 0.084375
1 0.27890625 0.321875 0.0328125 0.08125
1 0.25703125 0.33125 0.0296875 0.08125
1 0.24140625 0.33984375 0.0296875 0.0765625
1 0.22421875 0.3453125 0.0359375 0.0875
1 0.20625 0.3453125 0.028125 0.075
1 0.19375 0.3453125 0.034375 0.08125
1 0.17578125 0.35 0.0265625 0.075
1 0.1640625 0.35703125 0.03125 0.0703125
1 0.14765625 0.35859375 0.0265625 0.0734375
1 0.1328125 0.36171875 0.028125 0.0796875
1 0.1203125 0.36875 0.028125 0.075
1 0.18828125 0.4546875 0.0265625 0.08125
1 0.17734375 0.4578125 0.0296875 0.078125
1 0.1625 0.4609375 0.028125 0.071875
1 0.146875 0.46015625 0.028125 0.0703125
1 0.209375 0.4515625 0.03125 0.0875
1 0.2234375 0.44765625 0.03125 0.0828125
1 0.2390625 0.44296875 0.03125 0.0796875
1 0.2546875 0.44375 0.0375 0.0875
1 0.271875 0.4390625 0.03125 0.084375
1 0.29609375 0.43671875 0.0328125 0.0859375
1 0.3140625 0.43515625 0.034375 0.0890625
1 0.33203125 0.4265625 0.0390625 0.096875
1 0.34765625 0.42890625 0.0359375 0.1015625
1 0.3640625 0.42578125 0.034375 0.0953125
1 0.38203125 0.5359375 0.0328125 0.096875
1 0.3640625 0.53984375 0.03125 0.0921875
1 0.346875 0.540625 0.034375 0.084375
1 0.328125 0.54296875 0.034375 0.0796875
1 0.30859375 0.54375 0.0328125 0.084375
1 0.28984375 0.546875 0.0328125 0.08125
1 0.2703125 0.55 0.03125 0.0875
1 0.2546875 0.5546875 0.03125 0.0875
1 0.240625 0.55234375 0.025 0.0828125
1 0.22265625 0.55703125 0.0296875 0.0921875
1 0.20859375 0.553125 0.0234375 0.0875
1 0.190625 0.55390625 0.028125 0.0890625
1 0.23125 0.6625 0.034375 0.08125
1 0.259375 0.65390625 0.028125 0.0984375
1 0.27109375 0.65625 0.0328125 0.096875
1 0.2859375 0.6515625 0.03125 0.0875
1 0.30234375 0.6515625 0.0359375 0.09375
1 0.32734375 0.65 0.0359375 0.096875
1 0.34453125 0.64921875 0.0359375 0.0859375
1 0.3640625 0.65 0.0375 0.096875
1 0.3796875 0.65078125 0.034375 0.0921875
1 0.39765625 0.65390625 0.0328125 0.0921875
1 0.50390625 0.65703125 0.0359375 0.1109375
1 0.48671875 0.646875 0.0390625 0.1
1 0.4640625 0.6453125 0.040625 0.096875
1 0.44375 0.65 0.040625 0.103125
1 0.42578125 0.64375 0.0359375 0.1
1 0.51640625 0.7578125 0.0390625 0.11875
1 0.48203125 0.76328125 0.0421875 0.0890625
1 0.4609375 0.753125 0.034375 0.10625
1 0.0828125 0.56171875 0.028125 0.0765625
1 0.096875 0.559375 0.03359375 0.07265625
1 0.1109375 0.5609375 0.025 0.07734375
1 0.13125 0.559375 0.03828125 0.08359375
1 0.0875 0.840625 0.04375 0.103125
1 0.67578125 0.7671875 0.0328125 0.1
1 0.65625 0.64296875 0.04296875 0.0984375
1 0.6375 0.515625 0.04296875 0.09453125
1 0.15625 0.69140625 0.0375 0.1015625
1 0.1046875 0.69453125 0.040625 0.1015625
