1 0.21640625 0.696875 0.0921875 0.275
1 0.36171875 0.70234375 0.0828125 0.2359375
1 0.528125 0.70703125 0.096875 0.2390625
1 0.690625 0.69375 0.07578125 0.25546875
1 0.8296875 0.6578125 0.07578125 0.265625
1 0.92734375 0.6015625 0.0765625 0.22890625
1 0.9765625 0.5515625 0.046875 0.23515625
1 0.1078125 0.6515625 0.0875 0.259375
1 0.040625 0.57109375 0.075 0.1921875
1 0.01953125 0.5 0.0390625 0.096875
1 0.80703125 0.0578125 0.0203125 0.05546875
1 0.84921875 0.04921875 0.0203125 0.0421875
1 0.64296875 0.0546875 0.0171875 0.046875
1 0.3921875 0.06640625 0.01875 0.0546875
1 0.93046875 0.0453125 0.0140625 0.03515625
1 0.009375 0.071875 0.01875 0.046875
1 0.025 0.0703125 0.02109375 0.04140625
1 0.040625 0.0671875 0.01875 0.040625
1 0.05703125 0.06328125 0.0203125 0.0328125
