1 0.61796875 0.7078125 0.2078125 0.44609375
1 0.40859375 0.70625 0.2046875 0.41875
1 0.4921875 0.63203125 0.17109375 0.3546875
1 0.32265625 0.62109375 0.1765625 0.3703125
1 0.71015625 0.646875 0.1796875 0.41953125
1 0.79453125 0.575 0.1453125 0.41875
1 0.2765625 0.365625 0.10390625 0.1625
1 0.3859375 0.4671875 0.14453125 0.19296875
1 0.48984375 0.44296875 0.1390625 0.1953125
1 0.5828125 0.44921875 0.15 0.2203125
1 0.67734375 0.415625 0.1484375 0.190625
1 0.5078125 0.30625 0.140625 0.171875
1 0.44375 0.3046875 0.12109375 0.18203125
1 0.36796875 0.32265625 0.1140625 0.1609375
1 0.19921875 0.32734375 0.0859375 0.1421875
