1 0.66171875 0.6296875 0.1515625 0.378125
1 0.8984375 0.51484375 0.1875 0.4359375
1 0.5140625 0.56328125 0.14375 0.3203125
1 0.40625 0.55 0.115625 0.278125
1 0.30625 0.52421875 0.125 0.2703125
1 0.2234375 0.4890625 0.103125 0.253125
1 0.53125 0.2375 0.134375 0.4625
1 0.69453125 0.24453125 0.1671875 0.4796875
1 0.421875 0.259375 0.125 0.4125
1 0.33125 0.265625 0.096875 0.371875
1 0.1515625 0.6984375 0.11171875 0.16796875
1 0.228125 0.73125 0.15 0.16484375
1 0.31015625 0.7625 0.1546875 0.16796875
1 0.409375 0.8171875 0.19453125 0.23203125
1 0.52421875 0.87890625 0.1609375 0.2421875
1 0.66328125 0.9015625 0.1890625 0.19609375
1 0.85859375 0.85234375 0.2546875 0.2953125
1 0.88515625 0.53984375 0.2296875 0.4828125
1 0.06953125 0.78359375 0.1265625 0.1671875
1 0.14609375 0.84296875 0.1546875 0.2015625
1 0.2328125 0.875 0.18671875 0.196875
1 0.334375 0.9125 0.20546875 0.16484375
1 0.1640625 0.490625 0.11484375 0.22734375
1 0.09609375 0.48125 0.1109375 0.240625
1 0.24765625 0.2484375 0.1109375 0.35390625
1 0.17890625 0.18515625 0.1109375 0.2109375
1 0.09609375 0.1515625 0.0921875 0.16640625
1 0.4078125 0.03984375 0.1125 0.0796875
1 0.31484375 0.046875 0.1109375 0.09375
1 0.225 0.04375 0.090625 0.0875
1 0.153125 0.03984375 0.08203125 0.0796875
1 0.0796875 0.04609375 0.1 0.0921875
