1 0.88046875 0.74375 0.0828125 0.15703125
1 0.8640625 0.8703125 0.08125 0.13203125
1 0.7828125 0.62734375 0.06875 0.1359375
1 0.7671875 0.7421875 0.05859375 0.12578125
1 0.7359375 0.90625 0.1125 0.1875
1 0.6890625 0.721875 0.06796875 0.12421875
1 0.6765625 0.80859375 0.05859375 0.1296875
1 0.61328125 0.7875 0.0609375 0.13359375
1 0.5609375 0.79296875 0.06640625 0.1265625
1 0.5375 0.559375 0.06015625 0.12734375
1 0.4484375 0.7453125 0.06640625 0.103125
1 0.253125 0.3453125 0.08984375 0.17890625
1 0.1421875 0.4921875 0.1125 0.22890625
1 0.3203125 0.3484375 0.06640625 0.15625
1 0.3625 0.36328125 0.0375 0.1296875
1 0.28125 0.69765625 0.096875 0.2046875
1 0.5109375 0.7515625 0.053125 0.10703125
1 0.2546875 0.86875 0.10078125 0.18203125
1 0.44140625 0.88984375 0.1078125 0.2203125
1 0.36171875 0.86875 0.1078125 0.2625
1 0.57109375 0.6890625 0.0640625 0.125
1 0.525 0.6546875 0.05703125 0.11328125
1 0.14375 0.6828125 0.08125 0.19140625
1 0.084375 0.703125 0.07109375 0.21484375
1 0.1203125 0.84375 0.06953125 0.16015625
1 0.2375 0.53125 0.08984375 0.22421875
1 0.2046875 0.74609375 0.096875 0.2203125
1 0.290625 0.5125 0.05390625 0.175
1 0.31640625 0.521875 0.0484375 0.1875
1 0.33828125 0.51875 0.0453125 0.175
