1 0.61875 0.7640625 0.17109375 0.40078125
1 0.46875 0.784375 0.17265625 0.38046875
1 0.38203125 0.7203125 0.1390625 0.32109375
1 0.48125 0.56796875 0.13125 0.2890625
1 0.40546875 0.6015625 0.1328125 0.20625
1 0.534375 0.50078125 0.109375 0.2171875
1 0.7125 0.6859375 0.175 0.403125
1 0.75703125 0.60703125 0.1484375 0.3453125
1 0.5921875 0.48515625 0.09375 0.2015625
1 0.646875 0.3578125 0.10625 0.19375
1 0.63359375 0.41015625 0.0734375 0.1890625
1 0.66328125 0.28828125 0.0890625 0.1609375
1 0.8203125 0.65546875 0.096875 0.2765625
