1 0.71875 0.67265625 0.2 0.4921875
1 0.4328125 0.5625 0.21171875 0.45859375
1 0.74921875 0.290625 0.0421875 0.08046875
1 0.7125 0.290625 0.03984375 0.08203125
1 0.6796875 0.2953125 0.03359375 0.071875
1 0.6859375 0.36796875 0.0375 0.0546875
1 0.7625 0.36953125 0.0375 0.0578125
1 0.73125 0.3671875 0.02734375 0.05625
1 0.7109375 0.3703125 0.02265625 0.06171875
1 0.80078125 0.3671875 0.0453125 0.059375
1 0.7859375 0.284375 0.04140625 0.07890625
1 0.8109375 0.434375 0.040625 0.05859375
1 0.7703125 0.440625 0.03515625 0.06640625
1 0.74140625 0.43515625 0.0203125 0.0453125
1 0.721875 0.4265625 0.03203125 0.04375
1 0.69921875 0.4171875 0.0265625 0.03046875
1 0.39375 0.72265625 0.134375 0.2453125
1 0.3328125 0.73984375 0.09609375 0.2328125
1 0.8421875 0.653125 0.125 0.27578125
1 0.30078125 0.5421875 0.1015625 0.1625
