1 0.253125 0.675 0.109375 0.33046875
1 0.16640625 0.6875 0.0984375 0.315625
1 0.0984375 0.68984375 0.11484375 0.3265625
1 0.61875 0.7765625 0.2 0.446875
1 0.3484375 0.6703125 0.11484375 0.34921875
1 0.45625 0.665625 0.11796875 0.375
1 0.98359375 0.5828125 0.0328125 0.33203125
1 0.5421875 0.66953125 0.10546875 0.3734375
1 0.6453125 0.5078125 0.109375 0.10234375
1 0.7453125 0.6625 0.09765625 0.40625
1 0.0359375 0.69140625 0.071875 0.3109375
1 0.9890625 0.34375 0.02109375 0.09375
1 0.409375 0.45625 0.040625 0.08203125
1 0.3796875 0.475 0.03984375 0.11328125
1 0.490625 0.4296875 0.03671875 0.08359375
1 0.5390625 0.43515625 0.03671875 0.0890625
1 0.571875 0.446875 0.04140625 0.12109375
1 0.34296875 0.4625 0.0359375 0.07890625
1 0.31796875 0.465625 0.0328125 0.078125
1 0.296875 0.47421875 0.03203125 0.0859375
1 0.27421875 0.4734375 0.0328125 0.07265625
1 0.253125 0.478125 0.03203125 0.06640625
1 0.23515625 0.4859375 0.0359375 0.07265625
1 0.2046875 0.4875 0.04609375 0.06640625
1 0.1734375 0.49375 0.04375 0.06328125
1 0.146875 0.503125 0.04453125 0.06171875
1 0.11015625 0.50703125 0.0515625 0.0515625
