1 0.3796875 0.4265625 0.14375 0.23125
1 0.425 0.47109375 0.18203125 0.3609375
1 0.465625 0.4640625 0.17578125 0.38671875
1 0.5 0.4484375 0.16015625 0.38203125
1 0.5484375 0.478125 0.12890625 0.29375
1 0.55625 0.4265625 0.153125 0.34921875
1 0.5828125 0.41640625 0.153125 0.3609375
1 0.615625 0.4078125 0.15234375 0.359375
1 0.646875 0.3953125 0.14921875 0.35234375
1 0.67109375 0.390625 0.1421875 0.328125
1 0.7015625 0.37109375 0.1375 0.3296875
1 0.7453125 0.38359375 0.10390625 0.2640625
1 0.7921875 0.3234375 0.13671875 0.31953125
1 0.8453125 0.30859375 0.11328125 0.3140625
1 0.85703125 0.2984375 0.1265625 0.296875
1 0.915625 0.2640625 0.12890625 0.29140625
1 0.1015625 0.63046875 0.17890625 0.4859375
