1 0.77421875 0.23125 0.1453125 0.39765625
1 0.671875 0.246875 0.10625 0.38515625
1 0.57109375 0.271875 0.1109375 0.346875
1 0.41796875 0.3171875 0.0703125 0.28515625
1 0.37265625 0.33046875 0.0515625 0.2578125
1 0.4125 0.690625 0.09765625 0.2625
1 0.2921875 0.3546875 0.05234375 0.23125
1 0.590625 0.75703125 0.10625 0.3609375
1 0.6921875 0.7828125 0.11328125 0.415625
1 0.79921875 0.8015625 0.1359375 0.396875
1 0.91796875 0.79453125 0.1328125 0.4109375
1 0.3296875 0.346875 0.05546875 0.240625
1 0.209375 0.6203125 0.0625 0.17265625
1 0.3328125 0.921875 0.06171875 0.15390625
1 0.48203125 0.6734375 0.0734375 0.246875
1 0.90625 0.2328125 0.15078125 0.39296875
1 0.4859375 0.2953125 0.090625 0.32265625
1 0.19375 0.2578125 0.03515625 0.1
1 0.2640625 0.62578125 0.06015625 0.1703125
1 0.30859375 0.615625 0.0515625 0.16171875
1 0.3640625 0.678125 0.06328125 0.23203125
