1 0.73671875 0.21484375 0.1984375 0.3703125
1 0.6328125 0.2296875 0.17421875 0.38984375
1 0.54375 0.2640625 0.159375 0.34765625
1 0.4046875 0.3375 0.11328125 0.29453125
1 0.3640625 0.35625 0.103125 0.25703125
1 0.47265625 0.7078125 0.1328125 0.27109375
1 0.278125 0.3921875 0.08984375 0.23671875
1 0.6625 0.73984375 0.16953125 0.3640625
1 0.7578125 0.75390625 0.17421875 0.3984375
1 0.88515625 0.7640625 0.1921875 0.425
1 0.94140625 0.75703125 0.1171875 0.4203125
1 0.4109375 0.7015625 0.08046875 0.23984375
1 0.528125 0.68203125 0.11484375 0.2515625
1 0.303125 0.66484375 0.08203125 0.1703125
1 0.2484375 0.6703125 0.08203125 0.17578125
1 0.0765625 0.325 0.05703125 0.10546875
1 0.35625 0.9171875 0.046875 0.16015625
1 0.8578125 0.21015625 0.20859375 0.3390625
1 0.45859375 0.30546875 0.1296875 0.3171875
1 0.3171875 0.38125 0.090625 0.24765625
