1 0.38671875 0.37734375 0.1484375 0.2359375
1 0.5140625 0.35234375 0.16640625 0.2328125
1 0.62265625 0.33203125 0.1390625 0.2328125
1 0.7328125 0.30625 0.11328125 0.23203125
1 0.12421875 0.7484375 0.2484375 0.49375
1 0.2671875 0.7296875 0.35625 0.540625
1 0.4390625 0.7234375 0.35078125 0.54921875
1 0.57578125 0.7265625 0.1765625 0.546875
1 0.8546875 0.7203125 0.15390625 0.55859375
1 0.81171875 0.73671875 0.1859375 0.5265625
1 0.775 0.7375 0.18359375 0.52265625
1 0.7390625 0.7375 0.16484375 0.525
1 0.7171875 0.73984375 0.17890625 0.5203125
1 0.6421875 0.75078125 0.22421875 0.4984375
1 0.659375 0.7421875 0.171875 0.51484375
