1 0.45859375 0.1765625 0.0484375 0.084375
1 0.48203125 0.17734375 0.0359375 0.0734375
1 0.4953125 0.1890625 0.040625 0.09375
1 0.51640625 0.190625 0.0421875 0.090625
1 0.5359375 0.18828125 0.046875 0.0953125
1 0.56484375 0.19609375 0.0390625 0.0765625
1 0.584375 0.196875 0.05 0.10625
1 0.60625 0.19921875 0.05 0.1078125
1 0.6421875 0.2125 0.053125 0.109375
1 0.43359375 0.171875 0.0421875 0.103125
1 0.4203125 0.16640625 0.040625 0.0890625
1 0.3984375 0.1703125 0.0375 0.078125
1 0.3828125 0.16484375 0.046875 0.0890625
1 0.365625 0.1625 0.04375 0.0875
1 0.3375 0.16171875 0.040625 0.0796875
1 0.31875 0.16015625 0.04375 0.0921875
1 0.3046875 0.1625 0.05 0.109375
1 0.290625 0.1609375 0.04375 0.096875
1 0.27578125 0.15625 0.0421875 0.09375
1 0.2546875 0.15703125 0.0375 0.0796875
1 0.23828125 0.16484375 0.0453125 0.1015625
1 0.21796875 0.15234375 0.0515625 0.0953125
1 0.2015625 0.1484375 0.040625 0.08125
1 0.19296875 0.778125 0.0671875 0.134375
1 0.22421875 0.77578125 0.0671875 0.1359375
1 0.23984375 0.79375 0.0640625 0.14375
1 0.26640625 0.78046875 0.0609375 0.1359375
1 0.28984375 0.7859375 0.0671875 0.140625
1 0.015625 0.6953125 0.03125 0.128125
1 0.6109375 0.32578125 0.046875 0.0953125
1 0.5953125 0.31875 0.04375 0.09375
1 0.5734375 0.309375 0.05 0.096875
1 0.55546875 0.3171875 0.0484375 0.1
1 0.53515625 0.3109375 0.0421875 0.09375
1 0.50625 0.30234375 0.040625 0.0890625
1 0.48359375 0.3015625 0.0421875 0.084375
1 0.46796875 0.3015625 0.0453125 0.090625
1 0.428125 0.28984375 0.04375 0.0921875
1 0.44609375 0.29453125 0.0453125 0.0953125
1 0.5828125 0.446875 0.046875 0.096875
1 0.5625 0.4390625 0.046875 0.096875
1 0.54375 0.43515625 0.046875 0.1015625
1 0.525 0.43046875 0.05 0.0984375
1 0.50390625 0.425 0.0484375 0.096875
1 0.47421875 0.41953125 0.0421875 0.0921875
1 0.45546875 0.4125 0.0453125 0.090625
1 0.43828125 0.4078125 0.0453125 0.096875
1 0.41796875 0.40703125 0.0421875 0.0890625
1 0.40234375 0.40234375 0.0421875 0.0859375
1 0.3703125 0.50859375 0.040625 0.0921875
1 0.3859375 0.515625 0.046875 0.1
1 0.40546875 0.52265625 0.0453125 0.0953125
1 0.421875 0.53359375 0.05 0.1015625
1 0.4421875 0.5375 0.040625 0.096875
1 0.46953125 0.540625 0.0421875 0.096875
1 0.48828125 0.55078125 0.0453125 0.1078125
1 0.509375 0.55078125 0.04375 0.0953125
1 0.52890625 0.5625 0.0453125 0.103125
1 0.55078125 0.5640625 0.0484375 0.096875
1 0.51953125 0.68125 0.0515625 0.109375
1 0.4984375 0.67578125 0.05625 0.1203125
1 0.478125 0.66953125 0.046875 0.1015625
1 0.4609375 0.66640625 0.046875 0.1046875
1 0.4375 0.65390625 0.05 0.0984375
1 0.40625 0.775 0.046875 0.10625
1 0.42890625 0.7734375 0.0453125 0.096875
1 0.44921875 0.78203125 0.0453125 0.1015625
1 0.46796875 0.79375 0.0421875 0.096875
1 0.48828125 0.80546875 0.0484375 0.1078125
1 0.4046875 0.28515625 0.0375 0.0890625
1 0.3859375 0.27578125 0.0375 0.0828125
1 0.36796875 0.27265625 0.0390625 0.0859375
1 0.3484375 0.27578125 0.040625 0.0859375
1 0.3359375 0.26796875 0.040625 0.0828125
1 0.31171875 0.265625 0.0359375 0.084375
1 0.29453125 0.2671875 0.0359375 0.078125
1 0.27734375 0.26640625 0.0453125 0.0890625
1 0.259375 0.2609375 0.034375 0.078125
1 0.2484375 0.25546875 0.040625 0.0828125
1 0.22890625 0.25390625 0.0328125 0.0765625
1 0.2140625 0.2546875 0.0375 0.071875
1 0.19921875 0.2515625 0.0328125 0.075
1 0.184375 0.2484375 0.034375 0.08125
1 0.1703125 0.2515625 0.034375 0.078125
1 0.19921875 0.35390625 0.0328125 0.0828125
1 0.18671875 0.35234375 0.0359375 0.0796875
1 0.171875 0.34921875 0.034375 0.0734375
1 0.15625 0.34375 0.034375 0.071875
1 0.21875 0.35859375 0.040625 0.0890625
1 0.23359375 0.3609375 0.0390625 0.084375
1 0.2484375 0.3625 0.0375 0.08125
1 0.26328125 0.36796875 0.0453125 0.0890625
1 0.2828125 0.36953125 0.040625 0.0859375
1 0.3046875 0.378125 0.040625 0.0875
1 0.32265625 0.3828125 0.0421875 0.090625
1 0.34296875 0.38046875 0.0484375 0.0984375
1 0.35625 0.3890625 0.04375 0.103125
1 0.3734375 0.3921875 0.04375 0.096875
1 0.34453125 0.49921875 0.0421875 0.0984375
1 0.3265625 0.496875 0.040625 0.09375
1 0.31171875 0.4921875 0.0421875 0.0875
1 0.2921875 0.4875 0.040625 0.08125
1 0.27421875 0.4796875 0.0421875 0.0875
1 0.25390625 0.475 0.0390625 0.084375
1 0.23671875 0.471875 0.0390625 0.090625
1 0.2203125 0.46953125 0.040625 0.0890625
1 0.20703125 0.4640625 0.0328125 0.084375
1 0.18828125 0.459375 0.0390625 0.09375
1 0.17734375 0.45234375 0.0328125 0.0890625
1 0.16015625 0.446875 0.0359375 0.090625
1 0.153125 0.5609375 0.040625 0.084375
1 0.1828125 0.56328125 0.0375 0.0984375
1 0.19296875 0.56953125 0.0421875 0.0984375
1 0.209375 0.56953125 0.040625 0.0890625
1 0.22421875 0.5765625 0.0453125 0.096875
1 0.24765625 0.58515625 0.0453125 0.0984375
1 0.26484375 0.5890625 0.0453125 0.0875
1 0.28125 0.59609375 0.046875 0.0984375
1 0.2953125 0.6046875 0.04375 0.09375
1 0.31171875 0.6140625 0.0421875 0.09375
1 0.41015625 0.65625 0.0453125 0.1125
1 0.39765625 0.63984375 0.0484375 0.1015625
1 0.3765625 0.6296875 0.05 0.1
1 0.35703125 0.6265625 0.0484375 0.10625
1 0.34140625 0.61484375 0.0453125 0.1015625
1 0.37890625 0.7546875 0.0484375 0.11875
1 0.34609375 0.74609375 0.0515625 0.0921875
1 0.3296875 0.72734375 0.04375 0.1078125
1 0.046875 0.4125 0.0375 0.07890625
1 0.06328125 0.41640625 0.0421875 0.0796875
1 0.07734375 0.42109375 0.0421875 0.0734375
1 0.11796875 0.6734375 0.0421875 0.08671875
1 0.03671875 0.67734375 0.0390625 0.0984375
