1 0.334375 0.440625 0.240625 0.28125
1 0.11328125 0.46171875 0.2234375 0.3015625
1 0.39375 0.7546875 0.25859375 0.23671875
1 0.13828125 0.79921875 0.2703125 0.2265625
1 0.75078125 0.6546875 0.2265625 0.203125
1 0.54921875 0.41328125 0.2421875 0.2953125
1 0.76875 0.40234375 0.2125 0.2546875
1 0.9171875 0.3859375 0.16484375 0.23515625
1 0.8875 0.6328125 0.19921875 0.20546875
1 0.534375 0.69375 0.19375 0.196875
1 0.3171875 0.1 0.33984375 0.13671875
1 0.58046875 0.10546875 0.2453125 0.1578125
1 0.8 0.1109375 0.21328125 0.16484375
1 0.946875 0.11015625 0.103125 0.1671875
1 0.090625 0.0953125 0.18046875 0.15625
