1 0.3609375 0.2046875 0.125 0.296875
1 0.43125 0.2296875 0.11484375 0.26796875
1 0.4890625 0.2578125 0.09609375 0.240625
1 0.69140625 0.1859375 0.0859375 0.18515625
1 0.7890625 0.134375 0.09140625 0.196875
1 0.846875 0.3828125 0.10625 0.19296875
1 0.7421875 0.41875 0.08125 0.190625
1 0.7953125 0.6609375 0.09296875 0.18828125
1 0.8375 0.9015625 0.08984375 0.19453125
1 0.9609375 0.3421875 0.078125 0.2125
1 0.9140625 0.1078125 0.08671875 0.125
1 0.853125 0.11875 0.08984375 0.153125
1 0.740625 0.1640625 0.08515625 0.18359375
1 0.78515625 0.41015625 0.0765625 0.1890625
1 0.903125 0.3671875 0.10234375 0.21015625
1 0.90859375 0.653125 0.1078125 0.20703125
1 0.8453125 0.65625 0.08828125 0.19921875
1 0.9578125 0.64375 0.08359375 0.21484375
1 0.95546875 0.903125 0.0890625 0.190625
1 0.9 0.903125 0.090625 0.19296875
1 0.74765625 0.890625 0.0765625 0.17890625
1 0.6984375 0.88671875 0.08203125 0.1703125
1 0.6640625 0.88359375 0.07265625 0.1734375
1 0.628125 0.8734375 0.05703125 0.16171875
1 0.5890625 0.8734375 0.06953125 0.15625
1 0.52578125 0.8671875 0.0609375 0.15234375
1 0.4921875 0.69140625 0.05859375 0.1421875
1 0.5484375 0.6828125 0.07265625 0.14453125
1 0.5890625 0.6765625 0.05546875 0.14921875
1 0.61875 0.67109375 0.06796875 0.1578125
1 0.6578125 0.66875 0.07421875 0.153125
1 0.696875 0.665625 0.06953125 0.16484375
1 0.6609375 0.44921875 0.07109375 0.1546875
1 0.61875 0.45859375 0.07421875 0.1546875
1 0.584375 0.4765625 0.065625 0.15234375
1 0.5484375 0.48125 0.05703125 0.14453125
1 0.5140625 0.5 0.05390625 0.14375
1 0.48125 0.5109375 0.05703125 0.12890625
1 0.45859375 0.52109375 0.0609375 0.1234375
1 0.28125 0.1828125 0.14375 0.29296875
1 0.1953125 0.1734375 0.13515625 0.27109375
1 0.6140625 0.2390625 0.07265625 0.16796875
1 0.64375 0.2515625 0.06640625 0.16328125
1 0.5703125 0.2578125 0.06640625 0.14765625
