1 0.24921875 0.5484375 0.1890625 0.42265625
1 0.29765625 0.48359375 0.1859375 0.3953125
1 0.4125 0.57890625 0.21171875 0.4359375
1 0.60546875 0.7421875 0.2203125 0.484375
1 0.79453125 0.7671875 0.2234375 0.459375
1 0.57109375 0.62421875 0.2109375 0.4203125
1 0.565625 0.59140625 0.178125 0.4484375
1 0.35 0.41484375 0.146875 0.3390625
1 0.934375 0.81953125 0.13125 0.3421875
1 0.9625 0.5046875 0.075 0.228125
1 0.9515625 0.48984375 0.090625 0.2359375
1 0.928125 0.45 0.075 0.196875
1 0.90703125 0.4390625 0.0796875 0.19375
