1 0.915625 0.74453125 0.10546875 0.2171875
1 0.84296875 0.74375 0.1015625 0.23125
1 0.96953125 0.734375 0.0609375 0.25625
1 0.0609375 0.61484375 0.10234375 0.1828125
1 0.4515625 0.884375 0.22890625 0.21328125
1 0.5046875 0.82734375 0.21015625 0.1578125
1 0.5671875 0.8015625 0.16875 0.13671875
1 0.27734375 0.6125 0.1578125 0.35625
1 0.3484375 0.590625 0.14921875 0.31796875
1 0.4046875 0.57734375 0.13203125 0.2953125
1 0.46484375 0.5640625 0.1234375 0.26953125
1 0.509375 0.55625 0.09765625 0.246875
1 0.178125 0.59296875 0.08125 0.1703125
