1 0.51640625 0.5953125 0.0265625 0.071875
1 0.5 0.59765625 0.02578125 0.0734375
1 0.4859375 0.6015625 0.02265625 0.07421875
1 0.46796875 0.603125 0.0234375 0.07421875
1 0.4484375 0.6015625 0.02734375 0.075
1 0.428125 0.60390625 0.028125 0.0734375
1 0.60546875 0.66484375 0.0296875 0.0703125
1 0.5875 0.66640625 0.03046875 0.0703125
1 0.5734375 0.66953125 0.02578125 0.0671875
1 0.56015625 0.67109375 0.0296875 0.0671875
1 0.54375 0.67421875 0.021875 0.0703125
1 0.5265625 0.6765625 0.02421875 0.06484375
1 0.0078125 0.7796875 0.01484375 0.03828125
1 0.04140625 0.6796875 0.0171875 0.04296875
1 0.028125 0.678125 0.01484375 0.04140625
1 0.01328125 0.68203125 0.0140625 0.0390625
1 0.0046875 0.6828125 0.00859375 0.040625
1 0.04140625 0.7265625 0.0109375 0.0375
1 0.03046875 0.728125 0.0140625 0.03515625
1 0.0171875 0.72890625 0.0125 0.0359375
1 0.0046875 0.72890625 0.009375 0.0359375
1 0.01875 0.778125 0.0125 0.0375
1 0.03203125 0.771875 0.0140625 0.03515625
1 0.04375 0.7703125 0.01328125 0.03828125
1 0.05625 0.76875 0.01328125 0.03828125
1 0.06953125 0.76875 0.0140625 0.0375
1 0.0796875 0.7640625 0.01328125 0.03515625
1 0.0921875 0.76328125 0.01328125 0.0359375
1 0.13046875 0.678125 0.0109375 0.03203125
1 0.11875 0.6796875 0.01015625 0.03125
1 0.109375 0.6796875 0.01015625 0.03046875
1 0.09921875 0.6796875 0.0109375 0.02890625
