1 0.5734375 0.184375 0.09375 0.22265625
1 0.559375 0.38359375 0.08828125 0.1890625
1 0.5515625 0.5515625 0.08671875 0.18359375
1 0.5453125 0.725 0.08828125 0.184375
1 0.3890625 0.38125 0.08828125 0.21171875
1 0.38046875 0.565625 0.0921875 0.16640625
1 0.378125 0.7265625 0.08203125 0.17734375
1 0.66484375 0.53203125 0.0953125 0.2015625
1 0.653125 0.7125 0.096875 0.16015625
1 0.81171875 0.3046875 0.0953125 0.23125
1 0.790625 0.5140625 0.10078125 0.18046875
1 0.77734375 0.6859375 0.0921875 0.18203125
1 0.9453125 0.41171875 0.06796875 0.2328125
1 0.9203125 0.6296875 0.059375 0.20625
1 0.025 0.196875 0.05 0.26875
1 0.03515625 0.4953125 0.0703125 0.353125
1 0.03515625 0.76171875 0.0703125 0.2140625
