1 0.7546875 0.8796875 0.175 0.240625
1 0.91171875 0.36328125 0.0609375 0.1453125
1 0.853125 0.3640625 0.06640625 0.15546875
1 0.15 0.48203125 0.125 0.2546875
1 0.2515625 0.4671875 0.134375 0.228125
1 0.65 0.58359375 0.271875 0.1890625
1 0.503125 0.953125 0.30859375 0.09375
1 0.11875 0.728125 0.234375 0.30234375
1 0.2671875 0.59375 0.19140625 0.1875
1 0.81484375 0.74609375 0.1109375 0.2796875
1 0.8046875 0.3671875 0.059375 0.15234375
1 0.9515625 0.3578125 0.046875 0.13203125
1 0.7921875 0.4984375 0.05546875 0.13515625
1 0.840625 0.4984375 0.05703125 0.13671875
1 0.896875 0.4984375 0.07265625 0.15078125
1 0.9359375 0.50546875 0.05078125 0.1578125
1 0.125 0.3484375 0.05546875 0.140625
1 0.18359375 0.328125 0.0609375 0.08671875
1 0.2359375 0.31875 0.05703125 0.07421875
