1 0.1734375 0.428125 0.07265625 0.13671875
1 0.23515625 0.41875 0.0796875 0.128125
1 0.278125 0.3859375 0.07109375 0.08203125
1 0.2421875 0.559375 0.14609375 0.26015625
1 0.325 0.5265625 0.128125 0.21875
1 0.325 0.7984375 0.215625 0.29375
1 0.4078125 0.64296875 0.19609375 0.1890625
1 0.76953125 0.5890625 0.2671875 0.19765625
1 0.8125 0.95625 0.23984375 0.08515625
1 0.940625 0.8703125 0.11875 0.234375
1 0.8265625 0.35 0.08515625 0.14765625
1 0.87890625 0.35 0.0796875 0.15234375
1 0.9328125 0.3375 0.090625 0.16015625
1 0.965625 0.3203125 0.065625 0.13203125
1 0.915625 0.48125 0.08515625 0.13359375
1 0.96015625 0.471875 0.0796875 0.140625
