1 0.57890625 0.23046875 0.1515625 0.3265625
1 0.478125 0.21640625 0.134375 0.2921875
1 0.37734375 0.1984375 0.1296875 0.284375
1 0.2859375 0.19375 0.14375 0.3
1 0.19140625 0.171875 0.1140625 0.309375
1 0.2046875 0.5796875 0.121875 0.309375
1 0.2984375 0.58046875 0.146875 0.3421875
1 0.384375 0.603125 0.1375 0.325
1 0.48046875 0.62734375 0.1390625 0.3015625
1 0.58046875 0.6359375 0.1328125 0.31875
1 0.725 0.25546875 0.115625 0.2796875
1 0.81875 0.24453125 0.14375 0.2890625
1 0.815625 0.69140625 0.14375 0.3109375
1 0.72265625 0.6734375 0.1328125 0.334375
1 0.7015625 0.95234375 0.125 0.0953125
1 0.56328125 0.9359375 0.0984375 0.128125
1 0.4640625 0.925 0.115625 0.15
1 0.3703125 0.9234375 0.10625 0.153125
1 0.29609375 0.9171875 0.1046875 0.16328125
1 0.20390625 0.909375 0.0859375 0.165625
1 0.80546875 0.9609375 0.1265625 0.078125
1 0.9171875 0.725 0.08203125 0.33046875
