1 0.0984375 0.65625 0.08125 0.178125
1 0.0203125 0.8484375 0.040625 0.259375
1 0.18203125 0.63125 0.0765625 0.15546875
1 0.2234375 0.625 0.03671875 0.14765625
1 0.4140625 0.76328125 0.05546875 0.1328125
1 0.6625 0.74375 0.059375 0.14296875
1 0.6578125 0.8671875 0.078125 0.15
1 0.5765625 0.8796875 0.05 0.134375
1 0.45 0.88046875 0.05390625 0.1421875
1 0.509375 0.9421875 0.05625 0.075
1 0.7671875 0.8296875 0.07734375 0.165625
1 0.95 0.6140625 0.04375 0.175
1 0.92890625 0.61484375 0.0609375 0.1703125
1 0.409375 0.88125 0.04921875 0.1125
1 0.4828125 0.86171875 0.03828125 0.1265625
1 0.9 0.784375 0.046875 0.215625
1 0.925 0.803125 0.065625 0.215625
1 0.9421875 0.8296875 0.04375 0.23046875
1 0.0859375 0.86015625 0.10390625 0.2359375
1 0.1453125 0.8109375 0.04296875 0.20859375
1 0.175 0.803125 0.05703125 0.21484375
1 0.2078125 0.790625 0.034375 0.18046875
