1 0.1515625 0.1375 0.0875 0.275
1 0.3953125 0.821875 0.196875 0.19765625
1 0.296875 0.17578125 0.0875 0.2546875
1 0.21875 0.14296875 0.059375 0.2828125
1 0.07734375 0.14375 0.0703125 0.28359375
1 0.0265625 0.14453125 0.053125 0.2734375
1 0.3109375 0.4140625 0.05859375 0.234375
1 0.2609375 0.4078125 0.05390625 0.25859375
1 0.2171875 0.4046875 0.059375 0.26015625
1 0.1515625 0.4078125 0.08359375 0.27265625
1 0.078125 0.409375 0.065625 0.27265625
1 0.02421875 0.40859375 0.0484375 0.2671875
1 0.025 0.675 0.05 0.265625
1 0.07890625 0.6765625 0.0640625 0.27109375
1 0.1546875 0.68125 0.08203125 0.27578125
1 0.221875 0.6671875 0.05078125 0.27734375
1 0.2703125 0.6609375 0.05234375 0.25
1 0.315625 0.653125 0.04296875 0.246875
