1 0.6203125 0.55546875 0.15625 0.4796875
1 0.34453125 0.71953125 0.1734375 0.4859375
1 0.01640625 0.20625 0.0328125 0.15
1 0.0625 0.2125 0.06484375 0.12890625
1 0.11875 0.275 0.059375 0.12421875
1 0.1734375 0.2796875 0.07109375 0.13046875
1 0.05390625 0.34375 0.0640625 0.14609375
1 0.015625 0.346875 0.03046875 0.1375
1 0.046875 0.478125 0.065625 0.12890625
1 0.190625 0.3765625 0.05234375 0.096875
1 0.1453125 0.378125 0.046875 0.09609375
1 0.1078125 0.38046875 0.04375 0.0921875
1 0.0953125 0.4828125 0.05 0.12265625
1 0.13125 0.4828125 0.05078125 0.103125
1 0.1734375 0.48828125 0.05 0.1046875
1 0.19140625 0.48203125 0.0578125 0.1171875
1 0.225 0.49375 0.053125 0.084375
1 0.2359375 0.425 0.05390625 0.078125
1 0.2296875 0.346875 0.05234375 0.09921875
1 0.2640625 0.3421875 0.034375 0.09921875
1 0.2984375 0.34140625 0.03203125 0.0890625
1 0.33671875 0.3390625 0.0328125 0.090625
1 0.3390625 0.41640625 0.03125 0.0609375
1 0.26953125 0.4234375 0.0328125 0.07421875
1 0.29453125 0.41953125 0.0328125 0.0640625
1 0.3109375 0.4171875 0.03515625 0.06640625
1 0.2671875 0.4953125 0.025 0.07109375
1 0.29609375 0.490625 0.0296875 0.06171875
1 0.3109375 0.475 0.02890625 0.05078125
1 0.3390625 0.46796875 0.028125 0.0421875
1 0.0546875 0.74140625 0.109375 0.2640625
1 0.23125 0.72265625 0.12578125 0.2765625
1 0.86015625 0.78125 0.1453125 0.32265625
1 0.7796875 0.53046875 0.165625 0.1796875
1 0.68984375 0.7234375 0.0828125 0.26328125
1 0.7796875 0.7140625 0.11015625 0.246875
1 0.93046875 0.771875 0.0984375 0.23984375
1 0.9203125 0.53125 0.096875 0.16015625
1 0.80546875 0.4625 0.0609375 0.09765625
1 0.934375 0.63125 0.06953125 0.10703125
1 0.97421875 0.7328125 0.0515625 0.234375
1 0.965625 0.5703125 0.06875 0.12421875
