1 0.5046875 0.09921875 0.090625 0.1515625
1 0.546875 0.11171875 0.09140625 0.1671875
1 0.596875 0.11875 0.10625 0.16484375
1 0.65625 0.1328125 0.10546875 0.17890625
1 0.69921875 0.1609375 0.0796875 0.14375
1 0.621875 0.38671875 0.09921875 0.2359375
1 0.5765625 0.3734375 0.11953125 0.225
1 0.52421875 0.3578125 0.1171875 0.221875
1 0.484375 0.340625 0.115625 0.2
1 0.43125 0.359375 0.05859375 0.11171875
1 0.14140625 0.7484375 0.1328125 0.171875
1 0.1703125 0.8296875 0.13671875 0.16875
1 0.234375 0.890625 0.12421875 0.16953125
1 0.3109375 0.93984375 0.10390625 0.0765625
