1 0.46875 0.1203125 0.109375 0.240625
1 0.52265625 0.146875 0.1203125 0.246875
1 0.559375 0.17265625 0.09765625 0.2421875
1 0.7828125 0.1578125 0.08828125 0.18359375
1 0.909375 0.1140625 0.10078125 0.17734375
1 0.834375 0.3703125 0.10234375 0.19140625
1 0.7203125 0.39375 0.08671875 0.19296875
1 0.671875 0.6453125 0.103125 0.190625
1 0.6 0.85625 0.10234375 0.17578125
1 0.9578125 0.3859375 0.059375 0.215625
1 0.828125 0.134375 0.06953125 0.171875
1 0.96796875 0.09375 0.0640625 0.17578125
1 0.6859375 0.178125 0.06640625 0.14609375
1 0.8984375 0.65625 0.10625 0.221875
1 0.83828125 0.6484375 0.0953125 0.22578125
1 0.7703125 0.6421875 0.09765625 0.20625
1 0.646875 0.8671875 0.07421875 0.15625
1 0.715625 0.86875 0.07421875 0.1375
1 0.78203125 0.8734375 0.0609375 0.10625
1 0.7125 0.63515625 0.08125 0.2046875
1 0.7734375 0.38125 0.07265625 0.18203125
1 0.57109375 0.61875 0.0640625 0.16484375
1 0.528125 0.6171875 0.05859375 0.14921875
1 0.48984375 0.6125 0.0640625 0.14453125
1 0.5109375 0.8328125 0.07109375 0.18359375
1 0.475 0.82890625 0.07421875 0.1734375
1 0.44296875 0.815625 0.0796875 0.17578125
1 0.371875 0.7953125 0.06796875 0.175
1 0.315625 0.771875 0.06953125 0.14921875
1 0.1203125 0.13125 0.08828125 0.22890625
1 0.628125 0.3984375 0.075 0.159375
1 0.334375 0.58046875 0.05546875 0.0921875
1 0.3796875 0.59140625 0.08671875 0.1265625
1 0.64296875 0.19765625 0.0796875 0.1578125
1 0.434375 0.5984375 0.090625 0.140625
1 0.4109375 0.4265625 0.05 0.10703125
