1 0.46484375 0.5234375 0.1546875 0.55078125
1 0.303125 0.521875 0.17421875 0.54609375
1 0.6328125 0.49921875 0.17734375 0.5359375
1 0.79453125 0.4859375 0.1640625 0.53828125
1 0.1328125 0.5625 0.1875 0.49453125
1 0.115625 0.159375 0.1875 0.31796875
1 0.2859375 0.125 0.17734375 0.25
1 0.459375 0.1375 0.175 0.265625
1 0.63671875 0.121875 0.1609375 0.24375
1 0.796875 0.11328125 0.171875 0.2265625
1 0.9421875 0.11796875 0.11328125 0.2359375
1 0.93203125 0.48515625 0.1359375 0.5390625
1 0.93125 0.85859375 0.1375 0.2828125
1 0.6328125 0.86796875 0.17578125 0.2640625
1 0.79375 0.85625 0.15625 0.28515625
1 0.4765625 0.88203125 0.16015625 0.2359375
1 0.325 0.878125 0.15625 0.24375
1 0.159375 0.87734375 0.165625 0.2453125
