1 0.88203125 0.546875 0.1765625 0.340625
1 0.1953125 0.7234375 0.09765625 0.21953125
1 0.20546875 0.8953125 0.0828125 0.16796875
1 0.665625 0.50234375 0.109375 0.2765625
1 0.77578125 0.5015625 0.1203125 0.309375
1 0.78125 0.81640625 0.09765625 0.3609375
1 0.6921875 0.7828125 0.115625 0.34921875
1 0.96953125 0.7203125 0.0609375 0.38359375
1 0.0890625 0.92265625 0.09765625 0.1546875
1 0.8875 0.8484375 0.12890625 0.30078125
1 0.603125 0.66875 0.08828125 0.15625
1 0.60390625 0.49375 0.0796875 0.22890625
