1 0.9515625 0.3828125 0.096875 0.31796875
1 0.9078125 0.396875 0.140625 0.31640625
1 0.853125 0.409375 0.16328125 0.3
1 0.39140625 0.5234375 0.1703125 0.30859375
1 0.4359375 0.5453125 0.19140625 0.375
1 0.46796875 0.54296875 0.1859375 0.3921875
1 0.5078125 0.5359375 0.175 0.3875
1 0.55234375 0.5296875 0.1734375 0.38203125
1 0.5875 0.509375 0.16640625 0.375
1 0.6171875 0.5 0.16796875 0.36484375
1 0.671875 0.484375 0.15625 0.34765625
1 0.70703125 0.471875 0.1390625 0.33671875
1 0.79375 0.4375 0.15625 0.32109375
