1 0.54453125 0.6015625 0.1859375 0.54140625
1 0.08203125 0.21640625 0.1609375 0.3796875
1 0.196875 0.19140625 0.16875 0.3578125
1 0.2921875 0.1828125 0.15234375 0.34921875
1 0.42265625 0.1734375 0.1203125 0.346875
1 0.5 0.16953125 0.13046875 0.3328125
1 0.58125 0.1734375 0.12109375 0.34296875
1 0.678125 0.1984375 0.14296875 0.39296875
1 0.78515625 0.20390625 0.2015625 0.4078125
1 0.92265625 0.221875 0.1484375 0.44375
1 0.140625 0.5859375 0.17265625 0.35
1 0.24921875 0.54765625 0.1796875 0.3421875
1 0.3546875 0.528125 0.159375 0.33203125
1 0.428125 0.5234375 0.12265625 0.34921875
1 0.72421875 0.6375 0.1328125 0.48359375
1 0.821875 0.65078125 0.17109375 0.4765625
1 0.2953125 0.8296875 0.128125 0.18671875
1 0.1734375 0.84296875 0.13046875 0.1828125
