1 0.65625 0.7328125 0.17421875 0.496875
1 0.4140625 0.53125 0.20546875 0.45
1 0.771875 0.7640625 0.1375 0.265625
1 0.74296875 0.6328125 0.1015625 0.13671875
1 0.31171875 0.6765625 0.0828125 0.25859375
1 0.25 0.6515625 0.084375 0.25
1 0.721875 0.3609375 0.02890625 0.07578125
1 0.79609375 0.3765625 0.0328125 0.078125
1 0.7671875 0.3703125 0.025 0.08359375
1 0.7546875 0.365625 0.03046875 0.075
1 0.83515625 0.3890625 0.0453125 0.08046875
1 0.821875 0.459375 0.04453125 0.07421875
1 0.8125 0.5328125 0.03828125 0.078125
1 0.7703125 0.521875 0.03359375 0.06953125
1 0.78125 0.4578125 0.03515625 0.0625
1 0.7625 0.446875 0.03359375 0.06015625
1 0.73828125 0.4375 0.0265625 0.05625
1 0.715625 0.4328125 0.03359375 0.06328125
1 0.7109375 0.48125 0.03125 0.03203125
1 0.309375 0.465625 0.11484375 0.18515625
