1 0.3109375 0.44375 0.08359375 0.27578125
1 0.390625 0.48125 0.0625 0.40234375
1 0.3390625 0.4875 0.10390625 0.390625
1 0.4265625 0.4765625 0.07421875 0.39609375
1 0.52265625 0.4453125 0.0640625 0.36953125
1 0.4765625 0.4578125 0.05 0.378125
1 0.55 0.44375 0.07421875 0.36796875
1 0.584375 0.434375 0.05546875 0.34921875
1 0.6109375 0.434375 0.05703125 0.340625
1 0.6421875 0.41953125 0.05 0.3296875
1 0.66875 0.434375 0.03515625 0.28125
1 0.690625 0.40078125 0.06953125 0.3265625
1 0.74765625 0.390625 0.0609375 0.325
1 0.825 0.36640625 0.07109375 0.3140625
1 0.871875 0.35 0.06953125 0.30234375
