1 0.09296875 0.1734375 0.0546875 0.2
1 0.04296875 0.184375 0.0609375 0.19609375
1 0.04609375 0.40546875 0.0546875 0.2015625
1 0.10078125 0.40859375 0.0421875 0.1859375
1 0.053125 0.63125 0.059375 0.184375
1 0.10390625 0.6265625 0.0546875 0.196875
1 0.0515625 0.8625 0.0625 0.203125
1 0.1078125 0.85390625 0.053125 0.2078125
1 0.165625 0.1859375 0.05625 0.178125
1 0.21953125 0.18046875 0.0578125 0.1828125
1 0.26796875 0.1828125 0.0609375 0.18125
1 0.31953125 0.18984375 0.0515625 0.1921875
1 0.371875 0.1796875 0.053125 0.196875
1 0.4296875 0.1953125 0.046875 0.178125
1 0.4796875 0.18203125 0.046875 0.1734375
1 0.5265625 0.1859375 0.046875 0.184375
1 0.56796875 0.19140625 0.0484375 0.1859375
1 0.61953125 0.184375 0.0546875 0.18125
1 0.68125 0.1875 0.04375 0.159375
1 0.71953125 0.1859375 0.0390625 0.15625
1 0.7625 0.1953125 0.046875 0.16875
1 0.809375 0.19453125 0.04375 0.1546875
1 0.8546875 0.1953125 0.040625 0.171875
1 0.903125 0.1921875 0.0375 0.15625
1 0.94296875 0.1953125 0.0453125 0.16875
1 0.9828125 0.19375 0.034375 0.15625
1 0.98203125 0.39140625 0.0359375 0.1703125
1 0.94375 0.38984375 0.0375 0.1609375
1 0.9078125 0.396875 0.028125 0.16875
1 0.85546875 0.40234375 0.0421875 0.1640625
1 0.8125 0.38828125 0.046875 0.1453125
1 0.7640625 0.40234375 0.05625 0.1640625
1 0.71875 0.3859375 0.046875 0.15625
1 0.68359375 0.40390625 0.0359375 0.1671875
1 0.62421875 0.4 0.0703125 0.175
1 0.5734375 0.403125 0.046875 0.175
1 0.521875 0.40859375 0.05 0.1953125
1 0.4828125 0.3984375 0.040625 0.18125
1 0.4375 0.40078125 0.05 0.1765625
1 0.36953125 0.3890625 0.0515625 0.178125
1 0.32265625 0.40546875 0.0453125 0.1734375
1 0.27734375 0.40078125 0.0578125 0.1703125
1 0.2171875 0.4015625 0.05625 0.178125
1 0.16328125 0.40703125 0.0484375 0.1703125
1 0.1671875 0.634375 0.05625 0.159375
1 0.21796875 0.62265625 0.0546875 0.1828125
1 0.2671875 0.625 0.04375 0.184375
1 0.321875 0.6203125 0.05 0.184375
1 0.3703125 0.6328125 0.046875 0.20625
1 0.434375 0.61328125 0.053125 0.1953125
1 0.4828125 0.61875 0.05 0.2
1 0.53203125 0.60859375 0.0515625 0.1921875
1 0.57734375 0.5984375 0.0515625 0.175
1 0.6265625 0.61640625 0.04375 0.1953125
1 0.68359375 0.5984375 0.0390625 0.1875
1 0.73203125 0.5953125 0.0515625 0.178125
1 0.76875 0.596875 0.046875 0.1875
1 0.8109375 0.58359375 0.046875 0.1703125
1 0.85859375 0.59140625 0.0421875 0.1609375
1 0.91171875 0.58515625 0.0359375 0.1859375
1 0.94921875 0.5953125 0.0421875 0.178125
1 0.9828125 0.5875 0.03125 0.165625
1 0.95703125 0.7890625 0.0453125 0.16875
1 0.91171875 0.79375 0.0390625 0.178125
1 0.86328125 0.8046875 0.0515625 0.184375
1 0.8203125 0.8 0.046875 0.175
1 0.7703125 0.8 0.053125 0.175
1 0.728125 0.80390625 0.040625 0.1703125
1 0.68203125 0.8171875 0.0421875 0.19375
1 0.63125 0.8140625 0.059375 0.16875
1 0.58125 0.81875 0.059375 0.175
1 0.534375 0.81796875 0.053125 0.1703125
1 0.48671875 0.8296875 0.0546875 0.203125
1 0.4359375 0.84609375 0.034375 0.1890625
1 0.3796875 0.840625 0.053125 0.1875
1 0.32421875 0.84296875 0.0546875 0.1796875
1 0.275 0.85390625 0.05625 0.1953125
1 0.2234375 0.84375 0.0625 0.1875
1 0.16796875 0.859375 0.0640625 0.203125
