1 0.08671875 0.41015625 0.1734375 0.5421875
1 0.25859375 0.3953125 0.1890625 0.546875
1 0.41875 0.403125 0.16875 0.5625
1 0.5890625 0.41015625 0.165625 0.5453125
1 0.778125 0.4296875 0.184375 0.56953125
1 0.2375 0.82109375 0.175 0.3578125
1 0.409375 0.83203125 0.16875 0.3171875
1 0.584375 0.8203125 0.184375 0.359375
1 0.78125 0.82734375 0.196875 0.3390625
1 0.93359375 0.83203125 0.1265625 0.3359375
1 0.071875 0.81484375 0.14375 0.3703125
1 0.884375 0.51171875 0.121875 0.4984375
1 0.93046875 0.196875 0.0671875 0.39375
1 0.8640625 0.1640625 0.159375 0.328125
1 0.6921875 0.1578125 0.14609375 0.315625
1 0.5484375 0.1421875 0.153125 0.284375
1 0.3859375 0.1375 0.146875 0.275
1 0.246875 0.13125 0.14765625 0.2625
1 0.1046875 0.1421875 0.16171875 0.28125
