1 0.43359375 0.68515625 0.1390625 0.4546875
1 0.6296875 0.65625 0.1125 0.465625
1 0.3046875 0.63984375 0.121875 0.4640625
1 0.18671875 0.58359375 0.1140625 0.4421875
1 0.51953125 0.59375 0.1109375 0.34921875
1 0.69609375 0.5515625 0.0984375 0.34921875
1 0.7390625 0.45390625 0.09921875 0.2953125
1 0.3875 0.459375 0.109375 0.19453125
1 0.29375 0.4171875 0.11796875 0.14140625
1 0.42265625 0.30625 0.0890625 0.190625
1 0.3703125 0.3921875 0.10625 0.14375
1 0.4890625 0.4109375 0.09765625 0.15859375
1 0.5328125 0.340625 0.09296875 0.14296875
1 0.4859375 0.26484375 0.08359375 0.1640625
1 0.58046875 0.2640625 0.0859375 0.14453125
1 0.6703125 0.28828125 0.07578125 0.1484375
1 0.7296875 0.25625 0.078125 0.15390625
1 0.8078125 0.3640625 0.09140625 0.278125
1 0.76640625 0.4203125 0.0828125 0.27109375
1 0.59375 0.4125 0.09921875 0.17421875
