1 0.4 0.425 0.134375 0.346875
1 0.60625 0.22421875 0.14375 0.2546875
1 0.77265625 0.2203125 0.1078125 0.24140625
1 0.84765625 0.21640625 0.0765625 0.2359375
1 0.1890625 0.571875 0.11875 0.234375
1 0.94765625 0.8640625 0.1015625 0.253125
1 0.7703125 0.4515625 0.115625 0.29765625
1 0.3953125 0.65859375 0.115625 0.2359375
1 0.28125 0.68984375 0.11875 0.2921875
1 0.52421875 0.7 0.1515625 0.33125
1 0.6828125 0.4515625 0.10390625 0.34296875
1 0.5859375 0.4796875 0.1125 0.30703125
1 0.75625 0.728125 0.10234375 0.26640625
1 0.8296875 0.71015625 0.10390625 0.2421875
1 0.3921875 0.8734375 0.128125 0.18359375
