1 0.2734375 0.73125 0.165625 0.496875
1 0.4296875 0.709375 0.1375 0.4
1 0.584375 0.7296875 0.159375 0.446875
1 0.73125 0.74140625 0.159375 0.4859375
1 0.18359375 0.51171875 0.1546875 0.5890625
1 0.31171875 0.5421875 0.1265625 0.5625
1 0.43671875 0.39375 0.1203125 0.28125
1 0.5515625 0.39453125 0.128125 0.2609375
1 0.69375 0.36328125 0.153125 0.3796875
1 0.81875 0.528125 0.146875 0.58125
1 0.55546875 0.23359375 0.1359375 0.2515625
1 0.41875 0.15703125 0.14375 0.2796875
1 0.27421875 0.178125 0.1328125 0.228125
