1 0.53984375 0.7078125 0.1421875 0.471875
1 0.3375 0.66328125 0.153125 0.4453125
1 0.446875 0.6015625 0.109375 0.3875
1 0.265625 0.5640625 0.115625 0.378125
1 0.665625 0.6625 0.134375 0.453125
1 0.7453125 0.59765625 0.06875 0.4046875
1 0.290625 0.30703125 0.096875 0.1609375
1 0.38359375 0.41875 0.1109375 0.196875
1 0.49375 0.43203125 0.1 0.1734375
1 0.58046875 0.45703125 0.1046875 0.1984375
1 0.684375 0.44609375 0.1125 0.1671875
1 0.54609375 0.30546875 0.1078125 0.1484375
1 0.4796875 0.28515625 0.090625 0.1703125
1 0.39375 0.2859375 0.084375 0.14921875
1 0.23515625 0.2609375 0.0546875 0.13125
