1 0.2921875 0.74296875 0.196875 0.4828125
1 0.44375 0.70859375 0.159375 0.4046875
1 0.58984375 0.72265625 0.1890625 0.4890625
1 0.75859375 0.7328125 0.2015625 0.51875
1 0.18984375 0.5421875 0.1984375 0.6
1 0.315625 0.41171875 0.159375 0.2484375
1 0.43125 0.37578125 0.134375 0.2578125
1 0.55 0.3828125 0.16875 0.278125
1 0.68046875 0.353125 0.1703125 0.378125
1 0.83515625 0.51875 0.1796875 0.55625
1 0.40546875 0.1453125 0.1828125 0.278125
1 0.55859375 0.2015625 0.1515625 0.20625
1 0.26875 0.19921875 0.165625 0.2171875
