1 0.55546875 0.16171875 0.1453125 0.3234375
1 0.4546875 0.15859375 0.128125 0.2890625
1 0.35546875 0.1546875 0.1234375 0.28125
1 0.259375 0.1609375 0.13125 0.296875
1 0.1703125 0.1515625 0.10625 0.303125
1 0.13203125 0.559375 0.1140625 0.30625
1 0.21875 0.56484375 0.13671875 0.3046875
1 0.3109375 0.56171875 0.13125 0.3203125
1 0.40390625 0.575 0.1328125 0.296875
1 0.496875 0.5703125 0.14296875 0.31484375
1 0.6984375 0.16953125 0.109375 0.2765625
1 0.79453125 0.14609375 0.1359375 0.2859375
1 0.728125 0.59375 0.11875 0.315625
1 0.6421875 0.590625 0.125 0.33125
1 0.5828125 0.9015625 0.121875 0.14375
1 0.4453125 0.89609375 0.09375 0.1671875
1 0.3484375 0.8921875 0.1125 0.178125
1 0.25390625 0.8921875 0.1015625 0.1625
1 0.16484375 0.89453125 0.1015625 0.1765625
1 0.0890625 0.8921875 0.08125 0.1625
1 0.68515625 0.9015625 0.1234375 0.134375
1 0.81015625 0.57578125 0.0921875 0.3203125
