1 0.346875 0.66875 0.09296875 0.22890625
1 0.021875 0.44140625 0.04375 0.2484375
1 0.3296875 0.86171875 0.09609375 0.1828125
1 0.496875 0.71484375 0.10546875 0.2078125
1 0.4796875 0.89765625 0.109375 0.1734375
1 0.6109375 0.88359375 0.10859375 0.1953125
1 0.75703125 0.90078125 0.1234375 0.1640625
1 0.5140625 0.49453125 0.09765625 0.2359375
1 0.846875 0.05 0.065625 0.1
1 0.01875 0.7015625 0.03671875 0.29375
1 0.7796875 0.7328125 0.121875 0.19765625
1 0.3203125 0.9625 0.08359375 0.05078125
1 0.015625 0.91875 0.03125 0.16015625
