1 0.08203125 0.1359375 0.1546875 0.265625
1 0.2265625 0.1421875 0.14375 0.275
1 0.3734375 0.1453125 0.14921875 0.275
1 0.51875 0.13515625 0.134375 0.2703125
1 0.66171875 0.13828125 0.1453125 0.2765625
1 0.8015625 0.140625 0.134375 0.27734375
1 0.93359375 0.146875 0.1328125 0.284375
1 0.08125 0.4109375 0.14140625 0.32421875
1 0.22578125 0.42890625 0.1421875 0.3078125
1 0.3671875 0.421875 0.13046875 0.3125
1 0.5109375 0.41953125 0.1375 0.3078125
1 0.6609375 0.4203125 0.14375 0.30546875
1 0.80625 0.421875 0.14140625 0.303125
1 0.940625 0.44453125 0.11875 0.3265625
1 0.0828125 0.71796875 0.13203125 0.3171875
1 0.22265625 0.71875 0.1390625 0.31015625
1 0.36875 0.7296875 0.134375 0.29140625
1 0.50625 0.7296875 0.13203125 0.28203125
1 0.653125 0.7234375 0.13984375 0.27734375
1 0.80625 0.721875 0.14375 0.284375
1 0.08203125 0.9234375 0.1296875 0.153125
1 0.221875 0.9375 0.13203125 0.12421875
1 0.3671875 0.928125 0.134375 0.14296875
1 0.50703125 0.93125 0.1234375 0.11640625
1 0.6515625 0.9390625 0.13671875 0.121875
1 0.790625 0.9296875 0.121875 0.13828125
1 0.9390625 0.95078125 0.121875 0.0984375
1 0.9421875 0.7546875 0.11484375 0.284375
