1 0.09609375 0.82734375 0.1921875 0.3453125
1 0.30234375 0.1859375 0.2546875 0.33984375
1 0.30625 0.525 0.24453125 0.31640625
1 0.534375 0.18359375 0.215625 0.3671875
1 0.734375 0.20390625 0.18984375 0.3046875
1 0.5296875 0.5125 0.20234375 0.29296875
1 0.3046875 0.8359375 0.23671875 0.315625
1 0.51875 0.803125 0.18828125 0.30234375
1 0.71171875 0.5046875 0.1671875 0.29765625
1 0.6921875 0.7734375 0.16015625 0.26953125
1 0.859375 0.4953125 0.14453125 0.23671875
1 0.8828125 0.2171875 0.13046875 0.28359375
1 0.85 0.728125 0.165625 0.27421875
