1 0.09140625 0.3390625 0.1515625 0.33125
1 0.20546875 0.515625 0.1890625 0.375
1 0.2390625 0.2921875 0.14453125 0.24765625
1 0.396875 0.2859375 0.14765625 0.26171875
1 0.54375 0.278125 0.13828125 0.259375
1 0.69765625 0.253125 0.1171875 0.24765625
1 0.565625 0.49921875 0.17578125 0.3359375
1 0.7390625 0.4703125 0.15703125 0.403125
1 0.90078125 0.44296875 0.1734375 0.4078125
1 0.1015625 0.6 0.10703125 0.25
1 0.234375 0.78359375 0.16953125 0.2203125
1 0.396875 0.778125 0.16171875 0.22890625
1 0.38359375 0.4984375 0.1671875 0.35859375
1 0.56015625 0.784375 0.1484375 0.23359375
1 0.7140625 0.75625 0.15 0.23359375
1 0.8546875 0.71484375 0.16484375 0.2203125
