1 0.13125 0.2984375 0.21640625 0.43046875
1 0.3765625 0.309375 0.25390625 0.50859375
1 0.62890625 0.2875 0.2453125 0.4625
1 0.8578125 0.265625 0.20859375 0.46015625
1 0.1515625 0.6734375 0.21796875 0.33203125
1 0.38125 0.7515625 0.23984375 0.42109375
1 0.62578125 0.7390625 0.2296875 0.43046875
1 0.834375 0.6703125 0.22578125 0.384375
1 0.82109375 0.9234375 0.1921875 0.15078125
1 0.16484375 0.921875 0.1984375 0.15546875
1 0.034375 0.54921875 0.06875 0.1984375
1 0.046875 0.78671875 0.08515625 0.2453125
1 0.021875 0.2328125 0.04375 0.23125
