1 0.29921875 0.7359375 0.2234375 0.528125
1 0.51015625 0.7203125 0.2171875 0.559375
1 0.7375 0.73828125 0.28125 0.5234375
1 0.096875 0.74140625 0.190625 0.5171875
1 0.87734375 0.7203125 0.2390625 0.559375
1 0.33046875 0.384375 0.1765625 0.334375
1 0.50625 0.3828125 0.190625 0.309375
1 0.703125 0.40859375 0.1875 0.3265625
1 0.890625 0.3640625 0.19375 0.31875
1 0.1453125 0.37578125 0.1875 0.2703125
1 0.06953125 0.1734375 0.1390625 0.14375
1 0.1984375 0.1625 0.16015625 0.15546875
1 0.3484375 0.16171875 0.146875 0.1671875
1 0.4953125 0.1640625 0.15234375 0.19140625
1 0.65390625 0.16875 0.1390625 0.16015625
1 0.7953125 0.16640625 0.19375 0.1640625
1 0.9359375 0.1671875 0.128125 0.2
