1 0.9734375 0.3125 0.053125 0.30625
1 0.9734375 0.76796875 0.053125 0.2953125
1 0.896875 0.3265625 0.11171875 0.259375
1 0.7953125 0.32109375 0.103125 0.2421875
1 0.8953125 0.7359375 0.09609375 0.27578125
1 0.8046875 0.709375 0.09375 0.25234375
1 0.7140625 0.684375 0.08984375 0.21328125
1 0.6359375 0.6640625 0.08046875 0.203125
1 0.7140625 0.32890625 0.065625 0.2171875
1 0.63125 0.3265625 0.08359375 0.19609375
1 0.55 0.64609375 0.04375 0.1953125
1 0.546875 0.35 0.04453125 0.178125
1 0.5046875 0.35546875 0.05546875 0.1640625
1 0.465625 0.3640625 0.040625 0.13828125
1 0.425 0.35234375 0.04609375 0.1640625
1 0.3828125 0.34375 0.046875 0.14921875
1 0.5046875 0.6265625 0.05 0.18359375
1 0.459375 0.60625 0.03984375 0.16015625
1 0.4203125 0.596875 0.046875 0.16875
1 0.3828125 0.5859375 0.03203125 0.14765625
1 0.30625 0.34375 0.03359375 0.13125
1 0.303125 0.5765625 0.03671875 0.1125
1 0.2765625 0.3484375 0.03125 0.12265625
1 0.278125 0.559375 0.028125 0.115625
1 0.246875 0.3546875 0.03203125 0.140625
1 0.221875 0.346875 0.03046875 0.10625
1 0.2359375 0.54375 0.02734375 0.13359375
1 0.2578125 0.54765625 0.02734375 0.1296875
1 0.175 0.3515625 0.034375 0.10859375
1 0.1875 0.5265625 0.02109375 0.11328125
1 0.16875 0.52421875 0.021875 0.1078125
1 0.1421875 0.353125 0.01796875 0.08515625
