1 0.1484375 0.58046875 0.25546875 0.5734375
1 0.8609375 0.5390625 0.26171875 0.44609375
1 0.56875 0.51875 0.18828125 0.484375
1 0.3796875 0.5515625 0.22109375 0.52109375
1 0.7515625 0.4171875 0.14296875 0.35859375
1 0.81640625 0.8625 0.2171875 0.27265625
1 0.56640625 0.88359375 0.1515625 0.2328125
1 0.40078125 0.90625 0.1796875 0.1875
1 0.21953125 0.8984375 0.2109375 0.203125
1 0.13359375 0.1421875 0.1265625 0.18359375
1 0.23125 0.25 0.08515625 0.14765625
1 0.3359375 0.315625 0.15625 0.19453125
1 0.51015625 0.3015625 0.1578125 0.18046875
1 0.65703125 0.2703125 0.1578125 0.15625
1 0.6984375 0.7109375 0.10546875 0.2375
1 0.6828125 0.903125 0.09765625 0.19140625
