1 0.146875 0.50234375 0.29375 0.9953125
1 0.9390625 0.609375 0.07265625 0.49375
1 0.875 0.646875 0.078125 0.5375
1 0.79765625 0.6953125 0.0859375 0.584375
1 0.7109375 0.7140625 0.10078125 0.571875
1 0.6140625 0.734375 0.109375 0.53046875
1 0.49296875 0.76015625 0.1359375 0.4796875
1 0.7375 0.1375 0.02578125 0.11484375
1 0.7609375 0.1328125 0.02578125 0.11640625
1 0.3578125 0.7765625 0.125 0.44453125
1 0.9796875 0.5703125 0.03828125 0.47578125
1 0.7828125 0.1328125 0.02890625 0.13125
1 0.8046875 0.134375 0.02734375 0.12109375
1 0.825 0.13125 0.028125 0.12578125
1 0.846875 0.1296875 0.03046875 0.12734375
1 0.86875 0.12578125 0.025 0.1359375
1 0.9015625 0.12734375 0.021875 0.1171875
1 0.9203125 0.12890625 0.025 0.1203125
1 0.9765625 0.12265625 0.02421875 0.1078125
1 0.94453125 0.12265625 0.0265625 0.1046875
1 0.734375 0.42890625 0.08984375 0.2046875
