1 0.08125 0.5578125 0.16171875 0.634375
1 0.2171875 0.5625 0.221875 0.70625
1 0.353125 0.5265625 0.1875 0.68671875
1 0.46875 0.4328125 0.14140625 0.565625
1 0.53515625 0.37109375 0.1578125 0.4859375
1 0.6140625 0.32734375 0.14921875 0.4515625
1 0.6890625 0.31640625 0.121875 0.4671875
1 0.7640625 0.28125 0.07421875 0.38203125
1 0.79609375 0.2609375 0.1109375 0.40859375
1 0.8453125 0.228125 0.09765625 0.36484375
1 0.85 0.60546875 0.04609375 0.3515625
1 0.8046875 0.6609375 0.06015625 0.340625
1 0.7375 0.69140625 0.1 0.3265625
1 0.68203125 0.753125 0.1046875 0.40078125
1 0.8875 0.5734375 0.04453125 0.29140625
1 0.3515625 0.91171875 0.1875 0.1765625
1 0.46171875 0.90703125 0.1578125 0.1765625
