1 0.8359375 0.6984375 0.26796875 0.60078125
1 0.5734375 0.62421875 0.28359375 0.4859375
1 0.25703125 0.69765625 0.3109375 0.5484375
1 0.35390625 0.428125 0.2796875 0.46171875
1 0.546875 0.325 0.17578125 0.33984375
1 0.49140625 0.8875 0.1890625 0.22265625
1 0.0703125 0.8453125 0.140625 0.309375
1 0.9078125 0.5046875 0.184375 0.49375
1 0.23125 0.165625 0.278125 0.30703125
1 0.2296875 0.28515625 0.15234375 0.1734375
1 0.39921875 0.18359375 0.1734375 0.1734375
1 0.65390625 0.371875 0.1890625 0.28125
1 0.4515625 0.690625 0.16328125 0.19453125
