1 0.34375 0.27734375 0.14765625 0.5171875
1 0.46953125 0.315625 0.1578125 0.465625
1 0.5875 0.396875 0.115625 0.4125
1 0.68203125 0.42109375 0.1265625 0.3828125
1 0.78828125 0.41875 0.1234375 0.43203125
1 0.8875 0.4546875 0.12734375 0.409375
1 0.8734375 0.821875 0.13046875 0.34609375
1 0.7765625 0.80625 0.11171875 0.37265625
1 0.67421875 0.7984375 0.1171875 0.3875
1 0.5734375 0.8015625 0.12265625 0.396875
1 0.4671875 0.7703125 0.12578125 0.459375
1 0.321875 0.7515625 0.15 0.49453125
1 0.1625 0.75 0.18984375 0.49296875
1 0.02734375 0.23125 0.0546875 0.309375
1 0.09375 0.23125 0.096875 0.30859375
1 0.06171875 0.7546875 0.1234375 0.44140625
1 0.9703125 0.3171875 0.059375 0.25
1 0.19375 0.2796875 0.1875 0.49453125
