1 0.3890625 0.36484375 0.16171875 0.6390625
1 0.91953125 0.47578125 0.1609375 0.6671875
1 0.7703125 0.43125 0.14140625 0.684375
1 0.6328125 0.3609375 0.153125 0.63515625
1 0.2671875 0.29609375 0.12421875 0.5921875
1 0.52421875 0.35859375 0.1015625 0.6734375
1 0.03359375 0.21015625 0.0671875 0.4203125
1 0.03203125 0.63125 0.0640625 0.42265625
1 0.3859375 0.84375 0.17265625 0.3125
1 0.11484375 0.15234375 0.1234375 0.3046875
1 0.1125 0.496875 0.109375 0.37265625
1 0.26328125 0.7953125 0.1078125 0.409375
1 0.61328125 0.83671875 0.1390625 0.3265625
1 0.7625 0.85625 0.159375 0.28515625
1 0.903125 0.89140625 0.19140625 0.2171875
1 0.50859375 0.8109375 0.1234375 0.378125
1 0.2015625 0.471875 0.09375 0.403125
