1 0.484375 0.6546875 0.27734375 0.690625
1 0.71796875 0.546875 0.2109375 0.66015625
1 0.90390625 0.5265625 0.1921875 0.60703125
1 0.2453125 0.52109375 0.22578125 0.6328125
1 0.0734375 0.5515625 0.14609375 0.67578125
1 0.26796875 0.903125 0.1859375 0.19375
1 0.0875 0.90859375 0.175 0.1828125
1 0.4421875 0.2359375 0.17890625 0.14453125
1 0.6234375 0.23828125 0.1625 0.1671875
1 0.784375 0.20390625 0.13125 0.0796875
1 0.9046875 0.1875 0.12890625 0.08671875
1 0.40234375 0.16171875 0.1484375 0.0890625
1 0.2125 0.184375 0.159375 0.10625
1 0.05 0.196875 0.1 0.09375
1 0.1796875 0.1453125 0.14296875 0.10546875
1 0.553125 0.14921875 0.13359375 0.0859375
1 0.7140625 0.14609375 0.12421875 0.0765625
1 0.8328125 0.140625 0.11015625 0.071875
