1 0.36875 0.77265625 0.11015625 0.3109375
1 0.91015625 0.5203125 0.1390625 0.31640625
1 0.7640625 0.509375 0.11484375 0.32109375
1 0.65625 0.4921875 0.10078125 0.30390625
1 0.565625 0.48359375 0.08984375 0.2796875
1 0.8765625 0.82734375 0.13359375 0.2828125
1 0.75625 0.796875 0.11328125 0.26953125
1 0.6546875 0.76640625 0.09921875 0.2640625
1 0.5625 0.73828125 0.10234375 0.2515625
1 0.4265625 0.7421875 0.08359375 0.25546875
1 0.2 0.7859375 0.109375 0.30859375
1 0.1140625 0.7546875 0.096875 0.30234375
1 0.04453125 0.72421875 0.0890625 0.2828125
1 0.1859375 0.478125 0.09765625 0.27421875
1 0.04765625 0.4515625 0.0953125 0.25390625
1 0.1140625 0.46328125 0.08828125 0.2640625
1 0.425 0.484375 0.10078125 0.28671875
1 0.271875 0.490625 0.11328125 0.29296875
