1 0.628125 0.3203125 0.05625 0.07421875
1 0.4453125 0.32109375 0.04140625 0.1203125
1 0.5765625 0.3265625 0.05078125 0.10234375
1 0.484375 0.3296875 0.04375 0.12578125
1 0.5265625 0.3375 0.046875 0.13671875
1 0.6875 0.35 0.065625 0.12421875
1 0.82265625 0.35625 0.0859375 0.18515625
1 0.9015625 0.3703125 0.09375 0.19609375
1 0.96953125 0.38125 0.0609375 0.21484375
1 0.28125 0.1046875 0.040625 0.03671875
1 0.8359375 0.14609375 0.08671875 0.2359375
1 0.6265625 0.1453125 0.078125 0.18828125
1 0.93359375 0.146875 0.1078125 0.25078125
1 0.4515625 0.1484375 0.05390625 0.15625
1 0.50625 0.14765625 0.05703125 0.1703125
1 0.55625 0.1484375 0.065625 0.1875
1 0.68359375 0.15625 0.0484375 0.20078125
1 0.728125 0.16171875 0.040625 0.1859375
1 0.3296875 0.1875 0.05859375 0.221875
1 0.403125 0.190625 0.04765625 0.23828125
1 0.36796875 0.19375 0.0359375 0.215625
1 0.7578125 0.2234375 0.040625 0.303125
