1 0.66796875 0.26875 0.0640625 0.17734375
1 0.8390625 0.2703125 0.03828125 0.178125
1 0.5890625 0.271875 0.12109375 0.17421875
1 0.87109375 0.275 0.0359375 0.19921875
1 0.465625 0.2765625 0.121875 0.16640625
1 0.890625 0.2796875 0.03671875 0.21484375
1 0.3421875 0.28671875 0.11875 0.1609375
1 0.94921875 0.29375 0.1015625 0.24140625
1 0.740625 0.321875 0.12421875 0.31875
1 0.75625 0.08125 0.13046875 0.16171875
1 0.590625 0.08125 0.13125 0.1625
1 0.95234375 0.08515625 0.0953125 0.1703125
1 0.45546875 0.0859375 0.1265625 0.171875
1 0.89375 0.08671875 0.034375 0.1734375
1 0.8703125 0.08828125 0.02890625 0.1765625
1 0.84921875 0.0890625 0.0453125 0.178125
1 0.3296875 0.08984375 0.128125 0.1796875
