1 0.953125 0.2625 0.09375 0.17734375
1 0.684375 0.2671875 0.03125 0.06875
1 0.65 0.2734375 0.02890625 0.096875
1 0.61484375 0.2796875 0.0515625 0.11640625
1 0.846875 0.2984375 0.06875 0.16796875
1 0.03828125 0.40078125 0.0765625 0.3546875
1 0.109375 0.44765625 0.13046875 0.3921875
1 0.21875 0.49375 0.15234375 0.45
1 0.353125 0.57578125 0.2 0.4953125
1 0.540625 0.64296875 0.23671875 0.5703125
1 0.884375 0.2796875 0.05546875 0.16328125
1 0.70625 0.26328125 0.01796875 0.0546875
1 0.728125 0.253125 0.02734375 0.03125
1 0.2609375 0.0390625 0.01640625 0.04375
1 0.275 0.040625 0.015625 0.04765625
1 0.284375 0.0421875 0.01796875 0.05546875
