1 0.8734375 0.3078125 0.028125 0.053125
1 0.96796875 0.3140625 0.0171875 0.07578125
1 0.978125 0.315625 0.01328125 0.071875
1 0.95859375 0.3171875 0.0171875 0.07890625
1 0.94140625 0.31875 0.0171875 0.078125
1 0.7625 0.32265625 0.02265625 0.0703125
1 0.74140625 0.321875 0.0234375 0.06953125
1 0.7484375 0.3890625 0.03046875 0.046875
1 0.74375 0.51640625 0.059375 0.2015625
1 0.6921875 0.5265625 0.06328125 0.21015625
1 0.665625 0.54609375 0.03984375 0.2203125
1 0.625 0.559375 0.08203125 0.25390625
1 0.5515625 0.575 0.08359375 0.2625
1 0.5046875 0.60234375 0.084375 0.2953125
1 0.0734375 0.6015625 0.14453125 0.165625
1 0.4328125 0.628125 0.1125 0.32890625
1 0.3203125 0.6546875 0.125 0.359375
1 0.20859375 0.6953125 0.1390625 0.40078125
