1 0.0953125 0.2640625 0.05078125 0.046875
1 0.153125 0.2671875 0.059375 0.06953125
1 0.23125 0.028125 0.03828125 0.03203125
1 0.17578125 0.0296875 0.0390625 0.03046875
1 0.3484375 0.0296875 0.03828125 0.0375
1 0.015625 0.03203125 0.03046875 0.0515625
1 0.115625 0.034375 0.03671875 0.028125
1 0.0515625 0.040625 0.04140625 0.03203125
1 0.840625 0.4078125 0.11796875 0.22265625
1 0.72890625 0.44453125 0.1265625 0.2203125
1 0.6140625 0.46171875 0.12421875 0.2546875
1 0.490625 0.4921875 0.13046875 0.26171875
1 0.359375 0.525 0.13828125 0.25625
1 0.3046875 0.0515625 0.0375 0.03515625
1 0.24609375 0.05546875 0.0359375 0.0296875
1 0.359375 0.0546875 0.04375 0.04140625
1 0.21171875 0.55 0.1578125 0.284375
1 0.1828125 0.059375 0.04296875 0.03046875
1 0.1203125 0.0609375 0.04296875 0.03515625
1 0.41484375 0.0640625 0.0390625 0.06484375
1 0.0578125 0.0671875 0.040625 0.03203125
1 0.4359375 0.128125 0.05546875 0.14296875
1 0.31875 0.1328125 0.06171875 0.14921875
1 0.37890625 0.134375 0.0578125 0.14375
1 0.26015625 0.14375 0.0671875 0.153125
1 0.19921875 0.15 0.0671875 0.15390625
1 0.134375 0.15703125 0.07421875 0.1578125
1 0.0671875 0.1609375 0.075 0.16015625
1 0.47421875 0.178125 0.0421875 0.08515625
1 0.065625 0.02109375 0.04453125 0.0359375
1 0.4328125 0.2140625 0.05 0.03125
1 0.378125 0.2203125 0.05078125 0.03046875
1 0.3265625 0.2234375 0.05234375 0.03515625
1 0.2703125 0.2328125 0.05625 0.03515625
1 0.2921875 0.0234375 0.03828125 0.02890625
1 0.4 0.02421875 0.04140625 0.0359375
1 0.2109375 0.253125 0.053125 0.053125
