1 0.61796875 0.2859375 0.0265625 0.071875
1 0.9859375 0.2859375 0.028125 0.071875
1 0.03515625 0.3125 0.0234375 0.01171875
1 0.0203125 0.31640625 0.02421875 0.0109375
1 0.12265625 0.31875 0.0234375 0.0125
1 0.2234375 0.32421875 0.02265625 0.0078125
1 0.1125 0.328125 0.025 0.01875
1 0.1484375 0.33125 0.02421875 0.01484375
1 0.1828125 0.33046875 0.02421875 0.0109375
1 0.21875 0.33125 0.025 0.00859375
1 0.2125 0.35 0.034375 0.03359375
1 0.315625 0.35546875 0.02890625 0.0484375
1 0.284375 0.3578125 0.03359375 0.05078125
1 0.015625 0.3703125 0.03125 0.084375
1 0.09375 0.371875 0.040625 0.084375
1 0.13828125 0.3734375 0.0390625 0.08359375
1 0.175 0.3734375 0.03359375 0.08046875
1 0.2484375 0.37421875 0.03671875 0.0828125
1 0.0515625 0.3734375 0.03984375 0.08515625
1 0.55625 0.3953125 0.02421875 0.0125
1 0.6359375 0.396875 0.02890625 0.02109375
1 0.59453125 0.3984375 0.0296875 0.02265625
1 0.559375 0.40625 0.02890625 0.01484375
1 0.51171875 0.4046875 0.0296875 0.01328125
1 0.4578125 0.40625 0.03828125 0.04296875
1 0.64765625 0.409375 0.0296875 0.02578125
1 0.603125 0.4109375 0.02890625 0.02421875
1 0.475 0.415625 0.028125 0.01484375
1 0.5765625 0.4171875 0.03125 0.015625
1 0.5234375 0.41875 0.034375 0.01875
1 0.6734375 0.4203125 0.028125 0.02109375
1 0.621875 0.42265625 0.03203125 0.0265625
1 0.415625 0.43125 0.04375 0.10390625
1 0.690625 0.4328125 0.03359375 0.02421875
1 0.5875 0.434375 0.03203125 0.01796875
1 0.534375 0.434375 0.0375 0.01796875
1 0.63828125 0.4375 0.0359375 0.02109375
1 0.6515625 0.4453125 0.03203125 0.01796875
1 0.4828125 0.446875 0.03828125 0.01796875
1 0.540625 0.4484375 0.03203125 0.015625
1 0.7015625 0.4484375 0.03046875 0.01953125
1 0.5984375 0.44921875 0.03359375 0.0171875
1 0.828125 0.45 0.078125 0.196875
1 0.5515625 0.4609375 0.03671875 0.01171875
1 0.76953125 0.4671875 0.0953125 0.20234375
1 0.203125 0.475 0.1 0.21796875
1 0.025 0.47734375 0.05 0.2328125
1 0.1015625 0.4796875 0.103125 0.22734375
1 0.30234375 0.4796875 0.0984375 0.225
1 0.6734375 0.50625 0.06171875 0.06015625
1 0.55 0.51171875 0.0625 0.0578125
1 0.4828125 0.51171875 0.06640625 0.0609375
1 0.4296875 0.5359375 0.03359375 0.01875
1 0.725 0.6890625 0.059375 0.11328125
1 0.67265625 0.6984375 0.0484375 0.10859375
1 0.603125 0.7015625 0.05234375 0.109375
1 0.546875 0.7046875 0.0625 0.1125
1 0.484375 0.70546875 0.06328125 0.1109375
1 0.609375 0.1875 0.01796875 0.07578125
1 0.6359375 0.1890625 0.01796875 0.08671875
1 0.978125 0.2078125 0.028125 0.07890625
1 0.990625 0.209375 0.01640625 0.078125
1 0.6671875 0.2125 0.02265625 0.146875
1 0.196875 0.21875 0.01484375 0.02265625
1 0.18125 0.2203125 0.01484375 0.021875
1 0.253125 0.22421875 0.01875 0.0265625
1 0.2703125 0.2265625 0.01796875 0.03046875
1 0.2859375 0.2265625 0.0125 0.028125
1 0.69140625 0.2375 0.0421875 0.20234375
1 0.73515625 0.2375 0.0421875 0.19765625
1 0.778125 0.2390625 0.03984375 0.19765625
1 0.81875 0.2421875 0.04375 0.196875
1 0.85625 0.24375 0.04765625 0.196875
1 0.89375 0.246875 0.05078125 0.19609375
1 0.9359375 0.2484375 0.059375 0.19375
