1 0.44140625 0.27265625 0.0078125 0.0296875
1 0.45 0.271875 0.00859375 0.028125
1 0.4734375 0.2734375 0.00703125 0.02890625
1 0.14453125 0.27578125 0.0234375 0.0578125
1 0.165625 0.27578125 0.02109375 0.0546875
1 0.5875 0.2765625 0.00703125 0.02421875
1 0.6375 0.2765625 0.00703125 0.02265625
1 0.603125 0.278125 0.00703125 0.02421875
1 0.20390625 0.278125 0.0203125 0.05390625
1 0.184375 0.2796875 0.02109375 0.053125
1 0.55234375 0.2796875 0.0140625 0.03359375
1 0.253125 0.32109375 0.01796875 0.1015625
1 0.28515625 0.325 0.0203125 0.103125
1 0.26875 0.328125 0.01875 0.096875
1 0.13125 0.33828125 0.01328125 0.0609375
1 0.14375 0.33828125 0.01328125 0.0640625
1 0.15625 0.340625 0.01328125 0.0625
1 0.1734375 0.340625 0.02890625 0.06796875
1 0.2015625 0.3421875 0.02734375 0.065625
1 0.56171875 0.3421875 0.0140625 0.04453125
1 0.57890625 0.34375 0.0171875 0.04609375
1 0.59375 0.346875 0.01796875 0.046875
1 0.609375 0.34765625 0.01796875 0.0484375
1 0.62578125 0.3484375 0.0171875 0.04765625
1 0.6390625 0.3515625 0.01796875 0.05
1 0.6578125 0.35390625 0.01875 0.0484375
1 0.5515625 0.35390625 0.01796875 0.0515625
1 0.6765625 0.3546875 0.02109375 0.05
1 0.69375 0.35625 0.01640625 0.046875
1 0.76875 0.3578125 0.01640625 0.05078125
1 0.7546875 0.36015625 0.01328125 0.0515625
1 0.52578125 0.359375 0.0171875 0.05625
1 0.7046875 0.3609375 0.02265625 0.05234375
1 0.3484375 0.3609375 0.01171875 0.05859375
1 0.7421875 0.3609375 0.01484375 0.05078125
1 0.72578125 0.36171875 0.0203125 0.0546875
1 0.3625 0.3625 0.01796875 0.05859375
1 0.38046875 0.3640625 0.0203125 0.05859375
1 0.4734375 0.3640625 0.01875 0.05859375
1 0.4359375 0.365625 0.02265625 0.06171875
1 0.39375 0.3671875 0.01875 0.0625
1 0.4140625 0.36796875 0.025 0.0609375
1 0.56328125 0.3859375 0.0140625 0.03984375
1 0.6640625 0.3875 0.01875 0.01796875
1 0.6828125 0.3859375 0.01953125 0.01328125
1 0.578125 0.3875 0.015625 0.04140625
1 0.59296875 0.38828125 0.0171875 0.0390625
1 0.62578125 0.38984375 0.0171875 0.0328125
1 0.64609375 0.3890625 0.0203125 0.02578125
1 0.609375 0.3890625 0.01796875 0.03515625
1 0.13125 0.39296875 0.01015625 0.0515625
1 0.7421875 0.3953125 0.01484375 0.01640625
1 0.5515625 0.3984375 0.01640625 0.03515625
1 0.72734375 0.39921875 0.0171875 0.0171875
1 0.1484375 0.3984375 0.01171875 0.05546875
1 0.68125 0.403125 0.01875 0.01484375
1 0.20390625 0.4046875 0.0265625 0.05625
1 0.1765625 0.4046875 0.02578125 0.06015625
1 0.35 0.415625 0.01171875 0.04921875
1 0.3640625 0.4171875 0.01796875 0.05234375
1 0.3796875 0.41875 0.01796875 0.05390625
1 0.57734375 0.4203125 0.0203125 0.01640625
1 0.3953125 0.42421875 0.01796875 0.0546875
1 0.4125 0.42578125 0.02578125 0.0546875
1 0.5578125 0.42578125 0.01875 0.0171875
1 0.5375 0.4296875 0.021875 0.01953125
1 0.771875 0.43125 0.02109375 0.01171875
1 0.73671875 0.4390625 0.0234375 0.01171875
1 0.71484375 0.44453125 0.0234375 0.0109375
1 0.65625 0.44375 0.02265625 0.01015625
1 0.63125 0.4484375 0.025 0.0125
1 0.690625 0.4484375 0.02421875 0.01171875
1 0.36328125 0.4515625 0.0171875 0.015625
1 0.17890625 0.45234375 0.0234375 0.0328125
1 0.38125 0.45234375 0.015625 0.0109375
1 0.2046875 0.4546875 0.02734375 0.04296875
1 0.90625 0.4625 0.01953125 0.07421875
1 0.89375 0.465625 0.01796875 0.07734375
1 0.878125 0.471875 0.02109375 0.08046875
1 0.6390625 0.47265625 0.03359375 0.0390625
1 0.8578125 0.4734375 0.02265625 0.08203125
1 0.603125 0.4765625 0.034375 0.053125
1 0.571875 0.47890625 0.03359375 0.0703125
1 0.84375 0.478125 0.021875 0.08203125
1 0.5453125 0.48046875 0.03125 0.0859375
1 0.828125 0.484375 0.02421875 0.08359375
1 0.67109375 0.48671875 0.0328125 0.0515625
1 0.8078125 0.490625 0.02578125 0.08828125
1 0.7625 0.49375 0.03203125 0.07578125
1 0.734375 0.49375 0.03203125 0.06328125
1 0.7828125 0.4953125 0.03125 0.0875
1 0.709375 0.49375 0.040625 0.05390625
1 0.3125 0.5296875 0.02890625 0.109375
1 0.903125 0.534375 0.01640625 0.06484375
1 0.8875 0.540625 0.01796875 0.0625
1 0.871875 0.5453125 0.01796875 0.06796875
1 0.2796875 0.5453125 0.05078125 0.115625
1 0.85625 0.55 0.01875 0.06953125
1 0.1421875 0.5515625 0.04375 0.13046875
1 0.2203125 0.55625 0.05234375 0.13046875
1 0.8390625 0.5578125 0.01796875 0.07109375
1 0.821875 0.5640625 0.01953125 0.075
1 0.803125 0.5734375 0.01953125 0.07578125
1 0.1671875 0.57734375 0.05859375 0.1328125
1 0.78359375 0.5890625 0.0203125 0.06328125
1 0.7609375 0.5984375 0.02734375 0.065625
1 0.7359375 0.61015625 0.02421875 0.0609375
1 0.703125 0.621875 0.03828125 0.0625
1 0.2796875 0.6484375 0.046875 0.09140625
1 0.08984375 0.66171875 0.0578125 0.1296875
1 0.1375 0.66875 0.02109375 0.10390625
1 0.2265625 0.678125 0.05078125 0.11484375
1 0.1734375 0.6921875 0.053125 0.10703125
1 0.19453125 0.7984375 0.0765625 0.11484375
1 0.27109375 0.821875 0.0921875 0.10390625
1 0.08359375 0.82578125 0.1015625 0.1046875
1 0.31484375 0.915625 0.1015625 0.15546875
1 0.11796875 0.915625 0.1078125 0.16640625
1 0.40546875 0.9453125 0.1078125 0.109375
1 0.196875 0.95078125 0.109375 0.0984375
1 0.04375 0.9625 0.0875 0.075
