1 0.534375 0.3109375 0.11484375 0.22109375
1 0.765625 0.3125 0.1125 0.21640625
1 0.884375 0.3125 0.11796875 0.21328125
1 0.6515625 0.315625 0.11640625 0.21484375
1 0.296875 0.353125 0.121875 0.271875
1 0.96796875 0.36953125 0.0640625 0.3234375
1 0.41640625 0.3703125 0.1203125 0.31953125
1 0.178125 0.371875 0.11640625 0.33359375
1 0.06328125 0.375 0.1265625 0.32890625
1 0.8 0.71171875 0.2375 0.5765625
1 0.34609375 0.7125 0.2265625 0.57265625
1 0.5703125 0.7140625 0.23203125 0.571875
1 0.940625 0.71484375 0.11640625 0.5703125
1 0.0375 0.7796875 0.075 0.390625
1 0.7328125 0.10078125 0.09609375 0.2015625
1 0.64609375 0.1046875 0.0671875 0.209375
1 0.81796875 0.13359375 0.0671875 0.2671875
