1 0.5421875 0.4984375 0.01328125 0.03828125
1 0.9 0.5015625 0.01640625 0.03828125
1 0.925 0.503125 0.01328125 0.03671875
1 0.9140625 0.503125 0.0125 0.03671875
1 0.5890625 0.509375 0.01484375 0.059375
1 0.55625 0.5140625 0.01328125 0.06484375
1 0.1859375 0.5234375 0.01328125 0.03203125
1 0.24921875 0.5296875 0.0140625 0.03671875
1 0.3 0.53125 0.01796875 0.03828125
1 0.28125 0.53125 0.01875 0.04140625
1 0.228125 0.53125 0.01796875 0.04765625
1 0.26484375 0.53359375 0.0171875 0.0453125
1 0.925 0.5328125 0.0125 0.02890625
1 0.9125 0.5375 0.01171875 0.03359375
1 0.5359375 0.5390625 0.01796875 0.04609375
1 0.5453125 0.659375 0.04296875 0.16171875
1 0.7375 0.734375 0.034375 0.19375
1 0.83046875 0.840625 0.1359375 0.31875
1 0.6046875 0.95234375 0.23125 0.0953125
