1 0.0609375 0.275 0.10703125 0.08046875
1 0.29375 0.278125 0.02265625 0.01484375
1 0.271875 0.28125 0.021875 0.01484375
1 0.25 0.284375 0.02421875 0.01484375
1 0.2265625 0.2859375 0.02421875 0.015625
1 0.2 0.290625 0.02421875 0.01875
1 0.63203125 0.3 0.0203125 0.02265625
1 0.6140625 0.303125 0.01796875 0.02109375
1 0.5953125 0.30625 0.02265625 0.02421875
1 0.4640625 0.325 0.01015625 0.02890625
1 0.0234375 0.3265625 0.03515625 0.0625
1 0.053125 0.32734375 0.02734375 0.0484375
1 0.478125 0.3296875 0.015625 0.03828125
1 0.4015625 0.33125 0.02421875 0.046875
1 0.4953125 0.3328125 0.01796875 0.04296875
1 0.51328125 0.3328125 0.0171875 0.04765625
1 0.53125 0.3359375 0.01875 0.05859375
1 0.628125 0.3390625 0.01796875 0.05625
1 0.5484375 0.3390625 0.01796875 0.06640625
1 0.61171875 0.34296875 0.0171875 0.0578125
1 0.56640625 0.346875 0.0203125 0.06875
1 0.59453125 0.346875 0.0203125 0.06015625
1 0.82421875 0.4109375 0.0453125 0.03125
1 0.79140625 0.42578125 0.0453125 0.0484375
1 0.8796875 0.428125 0.04296875 0.03828125
1 0.84765625 0.4453125 0.0515625 0.03828125
1 0.9390625 0.4484375 0.04921875 0.04453125
1 0.82109375 0.453125 0.0515625 0.03125
1 0.9140625 0.4578125 0.04765625 0.03203125
1 0.7671875 0.4765625 0.06484375 0.0625
1 0.01171875 0.4765625 0.0234375 0.09765625
1 0.8921875 0.4796875 0.05859375 0.04375
1 0.8421875 0.49921875 0.05625 0.0671875
1 0.95703125 0.5171875 0.0515625 0.0625
1 0.8015625 0.5203125 0.05234375 0.05625
1 0.915625 0.53359375 0.0625 0.0765625
1 0.8796875 0.5625 0.059375 0.075
1 0.8296875 0.5921875 0.06484375 0.1
1 0.9671875 0.60703125 0.06484375 0.0953125
1 0.6953125 0.6453125 0.090625 0.21484375
1 0.91875 0.6546875 0.07265625 0.14375
1 0.7640625 0.69609375 0.10390625 0.2390625
1 0.8578125 0.7515625 0.11640625 0.25859375
1 0.6046875 0.759375 0.07890625 0.19765625
1 0.946875 0.81484375 0.10625 0.2859375
1 0.675 0.82421875 0.078125 0.1765625
1 0.7421875 0.884375 0.09453125 0.18828125
1 0.82890625 0.92421875 0.1109375 0.1515625
1 0.9296875 0.95546875 0.125 0.0890625
1 0.38203125 0.1078125 0.0140625 0.05859375
1 0.4140625 0.10859375 0.015625 0.0609375
1 0.428125 0.109375 0.01875 0.0625
1 0.396875 0.11015625 0.01640625 0.0609375
1 0.51953125 0.1125 0.0203125 0.07734375
1 0.359375 0.11328125 0.02421875 0.0671875
1 0.4828125 0.11328125 0.01875 0.0734375
1 0.540625 0.1140625 0.02421875 0.08046875
1 0.50078125 0.11484375 0.0203125 0.0734375
1 0.5625 0.1171875 0.02890625 0.084375
1 0.609375 0.125 0.01640625 0.053125
1 0.628125 0.12578125 0.01640625 0.0546875
1 0.640625 0.1265625 0.01640625 0.053125
1 0.653125 0.1265625 0.01328125 0.05078125
1 0.66640625 0.128125 0.0140625 0.05078125
1 0.6765625 0.12890625 0.0125 0.0484375
1 0.6890625 0.1296875 0.0125 0.04921875
1 0.45 0.13671875 0.02734375 0.1140625
1 0.58125 0.140625 0.01640625 0.10390625
1 0.59453125 0.1671875 0.0109375 0.04375
1 0.50078125 0.171875 0.0171875 0.034375
1 0.51796875 0.17109375 0.0203125 0.0390625
1 0.69609375 0.17421875 0.0109375 0.0484375
1 0.6078125 0.175 0.01640625 0.04921875
1 0.6734375 0.17578125 0.01171875 0.0453125
1 0.6390625 0.17734375 0.01171875 0.0484375
1 0.625 0.1765625 0.01328125 0.04765625
1 0.48203125 0.1765625 0.0171875 0.053125
1 0.6515625 0.17734375 0.0125 0.0453125
1 0.6625 0.17734375 0.01171875 0.0453125
1 0.6859375 0.17734375 0.0125 0.0453125
1 0.5375 0.1828125 0.021875 0.05625
1 0.559375 0.184375 0.028125 0.05390625
1 0.5984375 0.22734375 0.03125 0.0765625
1 0.0765625 0.23125 0.021875 0.01484375
1 0.56875 0.2328125 0.03515625 0.08046875
1 0.046875 0.23125 0.02265625 0.01328125
1 0.5109375 0.23515625 0.0375 0.0859375
1 0.2921875 0.24375 0.02265625 0.05703125
1 0.27109375 0.2453125 0.0234375 0.06015625
1 0.1078125 0.246875 0.03203125 0.04453125
1 0.24921875 0.246875 0.0234375 0.06015625
1 0.225 0.24921875 0.025 0.0578125
1 0.17734375 0.25 0.0171875 0.06015625
1 0.1984375 0.2515625 0.028125 0.06171875
1 0.44609375 0.2515625 0.0234375 0.04296875
1 0.48046875 0.2515625 0.0171875 0.03359375
