1 0.740625 0.61796875 0.078125 0.4984375
1 0.5515625 0.621875 0.065625 0.51171875
1 0.496875 0.62265625 0.05234375 0.5359375
1 0.81015625 0.62890625 0.1078125 0.5359375
1 0.6828125 0.6296875 0.08984375 0.52265625
1 0.615625 0.63359375 0.09609375 0.5203125
1 0.434375 0.6390625 0.06796875 0.5625
1 0.36875 0.64765625 0.065625 0.5734375
1 0.28984375 0.6546875 0.0921875 0.6
1 0.903125 0.6578125 0.12578125 0.55234375
1 0.2140625 0.66328125 0.10390625 0.6109375
1 0.05078125 0.6703125 0.1015625 0.653125
1 0.12578125 0.6734375 0.1203125 0.64765625
1 0.95390625 0.70625 0.0921875 0.56015625
