1 0.6734375 0.353125 0.04765625 0.30234375
1 0.7234375 0.4515625 0.06015625 0.47109375
1 0.8078125 0.48359375 0.06796875 0.4984375
1 0.88359375 0.49921875 0.0703125 0.5046875
1 0.446875 0.5 0.128125 0.48359375
1 0.31015625 0.5109375 0.0640625 0.55234375
1 0.96484375 0.521875 0.0703125 0.55546875
1 0.56875 0.53203125 0.11796875 0.5703125
1 0.2640625 0.56328125 0.065625 0.6578125
1 0.0515625 0.596875 0.08828125 0.75078125
1 0.2171875 0.60625 0.08984375 0.759375
1 0.13203125 0.6078125 0.0859375 0.74765625
1 0.4734375 0.4890625 0.12109375 0.4875
