1 0.12734375 0.88671875 0.0796875 0.1765625
1 0.0703125 0.81015625 0.0875 0.2578125
1 0.2390625 0.86953125 0.1 0.2234375
1 0.18359375 0.8109375 0.0828125 0.275
1 0.34921875 0.88203125 0.0671875 0.2359375
1 0.44296875 0.86328125 0.0796875 0.2578125
1 0.56875 0.85703125 0.115625 0.2703125
1 0.721875 0.88203125 0.115625 0.2359375
1 0.8546875 0.88203125 0.109375 0.2359375
1 0.965625 0.8828125 0.0625 0.234375
1 0.82734375 0.7125 0.1109375 0.153125
1 0.734375 0.640625 0.10234375 0.2875
1 0.57578125 0.60390625 0.0890625 0.1984375
1 0.48046875 0.690625 0.0953125 0.140625
1 0.4046875 0.60546875 0.109375 0.1890625
1 0.26875 0.70625 0.10390625 0.32421875
1 0.13046875 0.61328125 0.0953125 0.1484375
1 0.22265625 0.49609375 0.0890625 0.1578125
1 0.50546875 0.4859375 0.1109375 0.2375
1 0.6625 0.4921875 0.1 0.33984375
1 0.8171875 0.47734375 0.10625 0.2515625
1 0.9 0.33125 0.13125 0.440625
1 0.734375 0.3109375 0.11875 0.375
1 0.57890625 0.3171875 0.1171875 0.55859375
1 0.4390625 0.3375 0.109375 0.325
1 0.2953125 0.33515625 0.109375 0.3265625
1 0.17265625 0.384375 0.0953125 0.290625
1 0.1 0.5875 0.09765625 0.29375
1 0.90234375 0.69375 0.1109375 0.35625
1 0.659375 0.79375 0.11953125 0.30859375
1 0.9625 0.5734375 0.075 0.28828125
