1 0.1015625 0.2140625 0.11640625 0.375
1 0.2046875 0.209375 0.0875 0.359375
1 0.278125 0.228125 0.075 0.30078125
1 0.346875 0.2234375 0.0625 0.2875
1 0.1140625 0.7046875 0.159375 0.590625
1 0.2265625 0.67890625 0.11875 0.6421875
1 0.3015625 0.66953125 0.09375 0.6515625
1 0.3640625 0.6328125 0.078125 0.565625
1 0.428125 0.6 0.06875 0.528125
1 0.4828125 0.175 0.05546875 0.14765625
1 0.484375 0.40078125 0.05703125 0.1546875
1 0.553125 0.5890625 0.07265625 0.190625
1 0.58984375 0.746875 0.0765625 0.184375
1 0.65703125 0.8625 0.0796875 0.17734375
