1 0.6359375 0.61484375 0.72265625 0.7671875
1 0.096875 0.34609375 0.153125 0.1578125
1 0.11328125 0.50234375 0.1734375 0.1578125
1 0.19453125 0.484375 0.0953125 0.13203125
1 0.8890625 0.228125 0.08828125 0.10078125
1 0.175 0.3453125 0.09375 0.14453125
1 0.14921875 0.2015625 0.0765625 0.128125
1 0.23125 0.2078125 0.0875 0.12890625
1 0.3609375 0.2171875 0.078125 0.125
1 0.434375 0.20703125 0.08046875 0.0953125
1 0.5 0.2 0.07578125 0.08046875
1 0.57421875 0.2046875 0.0828125 0.084375
1 0.65234375 0.21328125 0.0859375 0.0890625
1 0.7296875 0.21953125 0.08828125 0.0890625
1 0.8078125 0.225 0.08359375 0.09453125
1 0.9640625 0.2390625 0.06796875 0.096875
