1 0.471875 0.3 0.11875 0.6
1 0.54375 0.42890625 0.07890625 0.3734375
1 0.365625 0.440625 0.07578125 0.36328125
1 0.4421875 0.446875 0.0875 0.334375
1 0.61875 0.4671875 0.075 0.24375
1 0.12890625 0.4859375 0.2578125 0.790625
1 0.09453125 0.721875 0.1890625 0.55625
1 0.4234375 0.74921875 0.15234375 0.5015625
1 0.59296875 0.759375 0.1171875 0.37109375
1 0.5078125 0.83203125 0.12890625 0.3359375
1 0.753125 0.840625 0.17109375 0.31875
1 0.36015625 0.18046875 0.1171875 0.3609375
1 0.6640625 0.584375 0.09453125 0.30625
1 0.72421875 0.634375 0.1078125 0.225
1 0.72109375 0.7859375 0.1015625 0.27265625
1 0.7671875 0.4859375 0.09921875 0.240625
1 0.87578125 0.5140625 0.1078125 0.215625
1 0.83671875 0.653125 0.1171875 0.259375
1 0.15625 0.42890625 0.26484375 0.8578125
1 0.67265625 0.3203125 0.0703125 0.234375
1 0.6046875 0.325 0.06953125 0.25
1 0.73046875 0.3625 0.0828125 0.23671875
1 0.815625 0.3265625 0.08125 0.16015625
1 0.865625 0.42109375 0.09375 0.1765625
1 0.60859375 0.16796875 0.0671875 0.1234375
1 0.678125 0.171875 0.06796875 0.125
1 0.70546875 0.2203125 0.0671875 0.12109375
1 0.759375 0.2546875 0.084375 0.14921875
1 0.78984375 0.18125 0.0640625 0.11484375
1 0.84375 0.209375 0.04765625 0.09375
1 0.87578125 0.265625 0.0640625 0.13125
