1 0.328125 0.628125 0.03359375 0.14609375
1 0.36171875 0.6296875 0.0328125 0.14921875
1 0.184375 0.628125 0.03203125 0.14375
1 0.2140625 0.63125 0.03046875 0.146875
1 0.2484375 0.63125 0.03125 0.14296875
1 0.28203125 0.63359375 0.0390625 0.1546875
1 0.63515625 0.7609375 0.1015625 0.37421875
1 0.73125 0.76640625 0.10703125 0.3859375
1 0.83125 0.76875 0.10234375 0.403125
1 0.41796875 0.7703125 0.0953125 0.39453125
1 0.51875 0.77890625 0.11171875 0.4046875
1 0.9375 0.778125 0.10625 0.4125
1 0.98828125 0.6328125 0.0234375 0.175
1 0.5578125 0.75625 0.059375 0.359375
1 0.46875 0.6078125 0.05390625 0.06640625
1 0.3 0.6296875 0.02265625 0.14453125
1 0.3859375 0.59375 0.02890625 0.08125
1 0.403125 0.5859375 0.025 0.06484375
1 0.4359375 0.56640625 0.01640625 0.0703125
1 0.4703125 0.578125 0.05078125 0.08359375
1 0.515625 0.5765625 0.04765625 0.08359375
1 0.571875 0.5875 0.053125 0.096875
1 0.625 0.58046875 0.05703125 0.0828125
1 0.67890625 0.67578125 0.0546875 0.2765625
1 0.74140625 0.58984375 0.0703125 0.1046875
1 0.7984375 0.58359375 0.05546875 0.0921875
1 0.0546875 0.59375 0.03203125 0.1
