1 0.78984375 0.2234375 0.1578125 0.4
1 0.7234375 0.3 0.184375 0.40625
1 0.6546875 0.39296875 0.215625 0.4359375
1 0.084375 0.54453125 0.16796875 0.4828125
1 0.2046875 0.56875 0.22109375 0.52421875
1 0.565625 0.5203125 0.21484375 0.51484375
1 0.409375 0.6328125 0.26015625 0.55390625
1 0.215625 0.321875 0.19453125 0.215625
1 0.38125 0.33984375 0.2 0.2515625
1 0.48125 0.2421875 0.16640625 0.19296875
1 0.3265625 0.2296875 0.16484375 0.19609375
1 0.4953125 0.10546875 0.159375 0.1734375
1 0.34765625 0.134375 0.1421875 0.2
