1 0.2640625 0.4265625 0.23125 0.38984375
1 0.13046875 0.4546875 0.2265625 0.421875
1 0.7078125 0.3625 0.20234375 0.4
1 0.50625 0.5265625 0.46171875 0.35390625
1 0.815625 0.71953125 0.36875 0.2859375
1 0.184375 0.840625 0.20859375 0.25
1 0.47109375 0.7828125 0.3109375 0.27421875
1 0.3 0.7875 0.08828125 0.22421875
1 0.3984375 0.37578125 0.15234375 0.3296875
1 0.534375 0.290625 0.17578125 0.184375
1 0.8328125 0.340625 0.190625 0.38046875
1 0.9109375 0.30859375 0.14765625 0.3453125
1 0.08984375 0.1578125 0.1578125 0.23828125
1 0.21796875 0.1328125 0.1859375 0.22890625
1 0.3578125 0.1171875 0.16796875 0.234375
1 0.49609375 0.1046875 0.1765625 0.209375
1 0.6453125 0.10234375 0.17734375 0.2046875
1 0.790625 0.084375 0.18359375 0.16875
