1 0.44296875 0.25859375 0.1234375 0.5171875
1 0.3625 0.2625 0.1 0.525
1 0.284375 0.29765625 0.15390625 0.5921875
1 0.0984375 0.3328125 0.196875 0.665625
1 0.2046875 0.35546875 0.234375 0.7109375
1 0.5609375 0.68125 0.1375 0.62109375
1 0.390625 0.71171875 0.12890625 0.4765625
1 0.6796875 0.76953125 0.19375 0.4609375
1 0.5015625 0.6609375 0.07578125 0.46953125
1 0.56875 0.26796875 0.06015625 0.3328125
1 0.653125 0.5078125 0.071875 0.18359375
1 0.6703125 0.43125 0.078125 0.196875
1 0.690625 0.27421875 0.065625 0.1453125
1 0.60625 0.3046875 0.08359375 0.184375
1 0.60859375 0.15 0.0515625 0.153125
1 0.646875 0.1875 0.065625 0.178125
1 0.6921875 0.1546875 0.04765625 0.14609375
1 0.78125 0.203125 0.096875 0.25078125
1 0.7734375 0.290625 0.09375 0.16484375
1 0.759375 0.11953125 0.06953125 0.1578125
