1 0.20625 0.39765625 0.03046875 0.1984375
1 0.159375 0.4109375 0.034375 0.2
1 0.1234375 0.4125 0.03515625 0.196875
1 0.0765625 0.4125 0.04296875 0.24140625
1 0.384375 0.4203125 0.14375 0.51796875
1 0.0375 0.4203125 0.04609375 0.25
1 0.5078125 0.48984375 0.1 0.6484375
1 0.7140625 0.53671875 0.109375 0.7140625
1 0.60625 0.540625 0.09609375 0.70390625
1 0.821875 0.546875 0.13125 0.74453125
1 0.2734375 0.6703125 0.13671875 0.484375
1 0.3859375 0.775 0.140625 0.353125
1 0.496875 0.85390625 0.11171875 0.2390625
1 0.7640625 0.4703125 0.08515625 0.72578125
1 0.9640625 0.37578125 0.04140625 0.1265625
1 0.9265625 0.3734375 0.03828125 0.11953125
1 0.8953125 0.378125 0.028125 0.11953125
1 0.01484375 0.4265625 0.0296875 0.23984375
1 0.24765625 0.3796875 0.0171875 0.09375
1 0.184375 0.41484375 0.03125 0.1859375
1 0.22734375 0.41796875 0.0171875 0.1578125
