1 0.6359375 0.57578125 0.11328125 0.4796875
1 0.38828125 0.59921875 0.1359375 0.4984375
1 0.1390625 0.6 0.13203125 0.48515625
1 0.521875 0.63984375 0.1625 0.5453125
1 0.22421875 0.6484375 0.1703125 0.53203125
1 0.815625 0.84609375 0.08828125 0.3078125
1 0.734375 0.8671875 0.096875 0.265625
1 0.734375 0.53984375 0.11796875 0.4484375
1 0.82265625 0.496875 0.1203125 0.415625
1 0.63125 0.90078125 0.10625 0.1984375
1 0.525 0.94609375 0.14609375 0.1078125
1 0.409375 0.9171875 0.128125 0.165625
1 0.2453125 0.94453125 0.14765625 0.1109375
1 0.15625 0.91328125 0.08203125 0.1734375
1 0.278125 0.56875 0.11328125 0.45859375
1 0.50625 0.40703125 0.11953125 0.1859375
