1 0.45 0.55 0.43046875 0.33671875
1 0.246875 0.384375 0.15078125 0.38984375
1 0.0984375 0.39375 0.1625 0.41015625
1 0.6765625 0.4 0.1625 0.38984375
1 0.8171875 0.4046875 0.13671875 0.36171875
1 0.52890625 0.3125 0.1359375 0.17890625
1 0.39765625 0.3375 0.1421875 0.25546875
1 0.69609375 0.778125 0.3671875 0.26875
1 0.090625 0.7828125 0.18125 0.234375
1 0.94375 0.828125 0.11015625 0.29765625
1 0.1953125 0.7640625 0.11484375 0.21875
1 0.10703125 0.109375 0.1546875 0.21875
1 0.26015625 0.11015625 0.1578125 0.2203125
1 0.3984375 0.1140625 0.13125 0.228125
1 0.53515625 0.1140625 0.1546875 0.228125
1 0.6796875 0.12109375 0.159375 0.2359375
1 0.82109375 0.1140625 0.1359375 0.228125
1 0.9171875 0.12890625 0.10390625 0.2359375
1 0.9140625 0.43359375 0.09375 0.2984375
1 0.3546875 0.7875 0.27265625 0.24609375
