1 0.16640625 0.1390625 0.1359375 0.25625
1 0.34453125 0.3921875 0.5234375 0.7375
1 0.7640625 0.559375 0.44296875 0.496875
1 0.5359375 0.109375 0.09609375 0.21875
1 0.609375 0.11015625 0.11328125 0.2171875
1 0.68125 0.11015625 0.125 0.2203125
1 0.93125 0.13125 0.09296875 0.25703125
1 0.028125 0.15625 0.05390625 0.26015625
1 0.0578125 0.1484375 0.06328125 0.25
1 0.09375 0.140625 0.05859375 0.24375
1 0.8328125 0.1171875 0.090625 0.234375
1 0.86875 0.1203125 0.1 0.240625
1 0.90703125 0.12578125 0.1109375 0.2515625
1 0.340625 0.1 0.065625 0.18359375
1 0.4078125 0.02734375 0.07109375 0.0546875
1 0.47265625 0.025 0.0640625 0.05
