1 0.34765625 0.55859375 0.1328125 0.8828125
1 0.8640625 0.5640625 0.18046875 0.871875
1 0.18828125 0.5765625 0.1953125 0.846875
1 0.39765625 0.559375 0.0984375 0.88125
1 0.41953125 0.5390625 0.0640625 0.8625
1 0.07265625 0.57578125 0.1453125 0.8484375
1 0.5890625 0.565625 0.134375 0.86875
1 0.55 0.5046875 0.06171875 0.78984375
1 0.725 0.56875 0.14765625 0.8625
1 0.24375 0.56015625 0.128125 0.8796875
1 0.0984375 0.23828125 0.08359375 0.2046875
1 0.665625 0.21015625 0.08203125 0.2234375
1 0.7828125 0.1921875 0.07109375 0.17578125
1 0.8125 0.2328125 0.0875 0.2125
