1 0.93671875 0.4296875 0.1265625 0.23046875
1 0.2171875 0.47578125 0.18203125 0.2640625
1 0.34296875 0.525 0.2765625 0.31484375
1 0.4375 0.6640625 0.26328125 0.415625
1 0.3390625 0.17421875 0.05859375 0.0578125
1 0.28125 0.196875 0.06015625 0.1
1 0.215625 0.2015625 0.071875 0.10625
1 0.1515625 0.20078125 0.07265625 0.1046875
1 0.084375 0.1953125 0.06484375 0.09921875
1 0.028125 0.196875 0.04765625 0.11015625
1 0.6578125 0.20859375 0.03828125 0.0328125
1 0.69375 0.2109375 0.04296875 0.05
1 0.7375 0.2125 0.04453125 0.04765625
1 0.7859375 0.209375 0.04140625 0.046875
1 0.825 0.2046875 0.04921875 0.04140625
1 0.86953125 0.20546875 0.0484375 0.0421875
1 0.9078125 0.2046875 0.04296875 0.04375
1 0.94375 0.20625 0.03828125 0.04765625
1 0.975 0.20625 0.04609375 0.04765625
1 0.546875 0.4859375 0.13046875 0.203125
1 0.04921875 0.35703125 0.0609375 0.1859375
1 0.1421875 0.42265625 0.05625 0.2265625
1 0.17421875 0.4390625 0.0890625 0.23671875
1 0.853125 0.471875 0.07109375 0.17734375
1 0.36875 0.3921875 0.12890625 0.10546875
