1 0.91875 0.28828125 0.10078125 0.3890625
1 0.73359375 0.29921875 0.1296875 0.3828125
1 0.8265625 0.303125 0.11796875 0.38046875
1 0.6453125 0.30625 0.13359375 0.37421875
1 0.559375 0.3078125 0.13984375 0.36171875
1 0.478125 0.3140625 0.14609375 0.359375
1 0.3921875 0.31875 0.13984375 0.359375
1 0.31875 0.32109375 0.14296875 0.3421875
1 0.059375 0.32109375 0.11875 0.3046875
1 0.2421875 0.32578125 0.15390625 0.3328125
1 0.1078125 0.3265625 0.165625 0.32734375
1 0.1796875 0.3328125 0.15078125 0.35234375
1 0.121875 0.6921875 0.16484375 0.34453125
1 0.0640625 0.6921875 0.12734375 0.3375
1 0.18515625 0.703125 0.1546875 0.365625
1 0.253125 0.70625 0.14921875 0.36953125
1 0.33203125 0.709375 0.1484375 0.37890625
1 0.403125 0.7109375 0.15 0.37890625
1 0.4859375 0.7203125 0.13984375 0.39375
1 0.56328125 0.72578125 0.1328125 0.3859375
1 0.65 0.7296875 0.13125 0.40859375
1 0.73515625 0.734375 0.1046875 0.41796875
1 0.8359375 0.7390625 0.11640625 0.42890625
1 0.9328125 0.74765625 0.10859375 0.4421875
