1 0.63125 0.24765625 0.021875 0.0640625
1 0.603125 0.246875 0.021875 0.05859375
1 0.578125 0.25 0.02265625 0.05234375
1 0.80703125 0.25078125 0.0265625 0.0609375
1 0.77890625 0.2609375 0.0265625 0.071875
1 0.75234375 0.26875 0.0265625 0.08671875
1 0.834375 0.271875 0.02734375 0.084375
1 0.8609375 0.27265625 0.021875 0.0890625
1 0.8828125 0.275 0.025 0.09921875
1 0.72578125 0.278125 0.0203125 0.08984375
1 0.7015625 0.284375 0.02890625 0.08125
1 0.94375 0.3515625 0.05234375 0.24921875
1 0.909375 0.3578125 0.04609375 0.23984375
1 0.66328125 0.365625 0.0484375 0.17421875
1 0.728125 0.375 0.05 0.15
1 0.6140625 0.375 0.05 0.196875
1 0.45546875 0.3796875 0.0515625 0.17109375
1 0.34921875 0.38203125 0.0484375 0.1265625
1 0.8609375 0.4 0.02890625 0.153125
1 0.88125 0.4 0.02734375 0.16015625
1 0.4 0.40625 0.05078125 0.15
1 0.2875 0.4140625 0.059375 0.1625
1 0.2296875 0.415625 0.04609375 0.13359375
1 0.16875 0.425 0.05859375 0.1125
1 0.6578125 0.5296875 0.06953125 0.284375
1 0.58359375 0.5390625 0.0671875 0.28359375
1 0.353125 0.54140625 0.075 0.2796875
1 0.4296875 0.54296875 0.071875 0.2890625
1 0.7421875 0.5421875 0.07421875 0.28671875
1 0.19453125 0.5453125 0.0828125 0.25703125
1 0.275 0.5453125 0.071875 0.265625
1 0.50625 0.546875 0.07265625 0.28359375
1 0.1203125 0.55390625 0.071875 0.2578125
1 0.05 0.55703125 0.096875 0.2421875
1 0.95078125 0.809375 0.0984375 0.38125
1 0.859375 0.8296875 0.15234375 0.33984375
1 0.7140625 0.840625 0.15859375 0.31640625
1 0.553125 0.87265625 0.16015625 0.2546875
1 0.18984375 0.88359375 0.1859375 0.2265625
1 0.3828125 0.884375 0.16796875 0.23125
1 0.05078125 0.915625 0.1015625 0.16875
1 0.115625 0.41328125 0.05859375 0.1078125
