1 0.1546875 0.3828125 0.05234375 0.38046875
1 0.1171875 0.38515625 0.05 0.3984375
1 0.07890625 0.38984375 0.0578125 0.4234375
1 0.34609375 0.39296875 0.0359375 0.3953125
1 0.196875 0.434375 0.028125 0.49140625
1 0.22109375 0.4359375 0.0296875 0.50859375
1 0.265625 0.45 0.05234375 0.53046875
1 0.4140625 0.525 0.06015625 0.36640625
1 0.59921875 0.5390625 0.0703125 0.68671875
1 0.465625 0.55234375 0.05625 0.3703125
1 0.5375 0.5625 0.07578125 0.68359375
1 0.6578125 0.5625 0.1 0.86796875
1 0.8640625 0.5859375 0.07578125 0.78671875
1 0.8140625 0.59375 0.09375 0.80390625
1 0.73984375 0.59609375 0.1140625 0.8078125
1 0.046875 0.38359375 0.05078125 0.4203125
1 0.3109375 0.4578125 0.05 0.28671875
