1 0.76640625 0.6390625 0.0703125 0.2625
1 0.63359375 0.18828125 0.0671875 0.2359375
1 0.73515625 0.25546875 0.0328125 0.1265625
1 0.75859375 0.25 0.0328125 0.18046875
1 0.8109375 0.2578125 0.090625 0.34765625
1 0.91953125 0.24609375 0.1609375 0.4921875
1 0.9609375 0.3625 0.078125 0.346875
1 0.59921875 0.31953125 0.0703125 0.1359375
1 0.68125 0.33046875 0.075 0.1296875
1 0.525 0.15625 0.06328125 0.2875
1 0.55 0.2578125 0.04921875 0.20625
1 0.7078125 0.625 0.05859375 0.25
1 0.8796875 0.68125 0.05078125 0.203125
1 0.83046875 0.61875 0.0765625 0.20625
1 0.271875 0.6359375 0.159375 0.13203125
1 0.4984375 0.34375 0.06015625 0.09375
1 0.20625 0.5203125 0.15078125 0.221875
1 0.7078125 0.17109375 0.0875 0.2140625
1 0.2953125 0.615625 0.109375 0.096875
1 0.48125 0.5828125 0.10703125 0.209375
1 0.67109375 0.5421875 0.0734375 0.18828125
