1 0.4484375 0.5453125 0.034375 0.18828125
1 0.3203125 0.5421875 0.025 0.184375
1 0.3 0.53671875 0.03046875 0.1890625
1 0.2640625 0.5578125 0.02109375 0.06875
1 0.365625 0.57734375 0.02734375 0.1296875
1 0.40390625 0.5875 0.0296875 0.128125
1 0.6703125 0.64296875 0.01875 0.0609375
1 0.6859375 0.64921875 0.01796875 0.0578125
1 0.6984375 0.6515625 0.01640625 0.06015625
1 0.725 0.6515625 0.021875 0.06796875
1 0.753125 0.66484375 0.01953125 0.0484375
1 0.77109375 0.66171875 0.0234375 0.0609375
1 0.78984375 0.66953125 0.0203125 0.0515625
1 0.8046875 0.671875 0.01875 0.046875
1 0.7796875 0.55625 0.0375 0.1
1 0.74765625 0.5578125 0.0265625 0.084375
1 0.5828125 0.51328125 0.02578125 0.0859375
1 0.56640625 0.6140625 0.0328125 0.025
1 0.525 0.61875 0.03671875 0.02578125
1 0.825 0.6625 0.025 0.05625
1 0.8390625 0.6765625 0.025 0.05078125
1 0.8875 0.66328125 0.02890625 0.0453125
1 0.5109375 0.48125 0.01796875 0.03046875
1 0.5265625 0.4796875 0.021875 0.034375
