1 0.52421875 0.73984375 0.0640625 0.5203125
1 0.23203125 0.95390625 0.1296875 0.0921875
1 0.334375 0.890625 0.215625 0.21640625
1 0.4125 0.88984375 0.16640625 0.2203125
1 0.6015625 0.9515625 0.07109375 0.096875
1 0.95625 0.91015625 0.0875 0.1328125
1 0.93046875 0.7234375 0.0359375 0.24296875
1 0.88046875 0.75546875 0.0734375 0.4859375
1 0.815625 0.76484375 0.06171875 0.4703125
1 0.75546875 0.771875 0.0703125 0.45625
1 0.6765625 0.73515625 0.06328125 0.5296875
1 0.603125 0.76640625 0.065625 0.4671875
1 0.48828125 0.928125 0.0609375 0.1375
1 0.45078125 0.9234375 0.0484375 0.153125
1 0.728125 0.9625 0.05234375 0.075
1 0.578125 0.7265625 0.046875 0.47578125
1 0.46640625 0.675 0.0453125 0.20703125
