1 0.64375 0.71171875 0.125 0.5765625
1 0.753125 0.68984375 0.14296875 0.6203125
1 0.88046875 0.54609375 0.1140625 0.1859375
1 0.85078125 0.74921875 0.1703125 0.5015625
1 0.3015625 0.59765625 0.11171875 0.4390625
1 0.36328125 0.815625 0.1046875 0.15
1 0.2453125 0.86953125 0.10546875 0.0765625
1 0.2359375 0.93828125 0.11875 0.0828125
1 0.196875 0.7109375 0.12578125 0.08515625
1 0.190625 0.80234375 0.12265625 0.0765625
1 0.18125 0.6515625 0.13046875 0.078125
1 0.15234375 0.62109375 0.1234375 0.0640625
1 0.146875 0.57890625 0.10078125 0.0515625
1 0.096875 0.55625 0.06875 0.04921875
1 0.04609375 0.52421875 0.0921875 0.0578125
1 0.33984375 0.5140625 0.0578125 0.08515625
1 0.37890625 0.5125 0.0265625 0.08125
1 0.515625 0.49375 0.04375 0.08203125
1 0.4828125 0.4890625 0.028125 0.09140625
1 0.4578125 0.490625 0.03125 0.096875
1 0.425 0.50234375 0.03515625 0.0890625
1 0.96875 0.79609375 0.0625 0.4078125
