1 0.375 0.7625 0.06796875 0.17265625
1 0.24375 0.8046875 0.11015625 0.16484375
1 0.0984375 0.6234375 0.16796875 0.07890625
1 0.2375 0.63046875 0.06484375 0.1734375
1 0.615625 0.6515625 0.07734375 0.22578125
1 0.6875 0.6671875 0.0875 0.265625
1 0.7640625 0.678125 0.08359375 0.20390625
1 0.8390625 0.7671875 0.1 0.240625
1 0.88046875 0.8296875 0.1171875 0.22734375
1 0.57578125 0.565625 0.1140625 0.08359375
1 0.80703125 0.4734375 0.1296875 0.21875
1 0.95 0.7 0.0875 0.234375
1 0.18203125 0.240625 0.0671875 0.10234375
1 0.309375 0.2078125 0.040625 0.08046875
1 0.259375 0.275 0.04921875 0.075
1 0.3234375 0.2765625 0.05625 0.08671875
1 0.375 0.29921875 0.07109375 0.0453125
1 0.19375 0.3796875 0.10234375 0.11484375
1 0.228125 0.309375 0.075 0.03671875
1 0.18515625 0.43515625 0.0953125 0.0515625
1 0.23671875 0.3390625 0.0765625 0.05234375
1 0.72109375 0.221875 0.0328125 0.11484375
1 0.68984375 0.215625 0.0265625 0.11953125
1 0.67890625 0.20078125 0.0359375 0.1046875
1 0.609375 0.190625 0.06015625 0.09765625
1 0.5 0.31796875 0.03984375 0.1015625
1 0.5078125 0.2234375 0.03359375 0.06796875
1 0.49453125 0.37734375 0.0390625 0.0953125
1 0.5125 0.465625 0.05390625 0.16015625
1 0.5546875 0.446875 0.04140625 0.11796875
1 0.56875 0.4796875 0.04921875 0.11328125
1 0.60234375 0.475 0.0453125 0.12265625
1 0.65078125 0.46875 0.0453125 0.12109375
1 0.6921875 0.45625 0.053125 0.1125
1 0.7421875 0.4453125 0.04609375 0.1125
1 0.89765625 0.89140625 0.1171875 0.2171875
1 0.478125 0.30625 0.028125 0.09375
1 0.2984375 0.3921875 0.053125 0.05078125
