1 0.415625 0.5703125 0.11015625 0.35078125
1 0.3921875 0.4203125 0.08203125 0.13359375
1 0.4515625 0.409375 0.04765625 0.14765625
1 0.5125 0.45390625 0.08046875 0.2109375
1 0.6015625 0.471875 0.07890625 0.25234375
1 0.6828125 0.51328125 0.08515625 0.3265625
1 0.75078125 0.5109375 0.0859375 0.30390625
1 0.8359375 0.4671875 0.08671875 0.22265625
1 0.90859375 0.4625 0.0796875 0.22578125
1 0.76796875 0.2734375 0.0421875 0.1125
1 0.8359375 0.29140625 0.03828125 0.1234375
1 0.815625 0.2734375 0.03359375 0.096875
1 0.0890625 0.48125 0.08203125 0.26953125
1 0.3046875 0.8015625 0.44609375 0.125
