1 0.31875 0.621875 0.125 0.58984375
1 0.4078125 0.740625 0.06796875 0.35234375
1 0.4671875 0.65859375 0.06328125 0.3921875
1 0.51875 0.70390625 0.040625 0.3109375
1 0.5625 0.759375 0.06171875 0.24453125
1 0.57578125 0.596875 0.0734375 0.484375
1 0.66875 0.565625 0.10546875 0.59296875
1 0.7390625 0.571875 0.10390625 0.575
1 0.8078125 0.56875 0.10546875 0.56796875
1 0.584375 0.31640625 0.071875 0.2203125
1 0.38828125 0.4890625 0.1015625 0.48984375
1 0.25 0.29375 0.07890625 0.196875
1 0.9203125 0.75 0.159375 0.32265625
1 0.1578125 0.8453125 0.08359375 0.184375
1 0.1890625 0.7453125 0.090625 0.28984375
1 0.246875 0.565625 0.109375 0.6125
1 0.27109375 0.89140625 0.1390625 0.2171875
1 0.4453125 0.3234375 0.078125 0.30703125
1 0.51015625 0.41484375 0.0765625 0.2796875
1 0.7375 0.21875 0.06953125 0.190625
1 0.67578125 0.20625 0.0609375 0.16640625
