1 0.43125 0.484375 0.08515625 0.45234375
1 0.4140625 0.6609375 0.05625 0.14296875
1 0.403125 0.884375 0.16015625 0.115625
1 0.4734375 0.4703125 0.06640625 0.41484375
1 0.25078125 0.60859375 0.1203125 0.6109375
1 0.12578125 0.65546875 0.1734375 0.6890625
1 0.0484375 0.7359375 0.09609375 0.528125
1 0.1484375 0.6109375 0.15546875 0.77109375
1 0.36875 0.93671875 0.08515625 0.1265625
1 0.91875 0.55859375 0.03671875 0.1078125
1 0.953125 0.53984375 0.034375 0.0859375
1 0.89140625 0.534375 0.0296875 0.09609375
1 0.87734375 0.54296875 0.0453125 0.1140625
1 0.30078125 0.915625 0.0640625 0.16640625
1 0.24140625 0.93515625 0.0640625 0.1296875
1 0.2734375 0.95546875 0.06875 0.0890625
1 0.03125 0.41796875 0.0625 0.2265625
1 0.2015625 0.34296875 0.06796875 0.1296875
