1 0.8140625 0.46640625 0.02265625 0.3484375
1 0.84375 0.475 0.0375 0.35625
1 0.875 0.4796875 0.03125 0.37421875
1 0.9046875 0.4828125 0.03828125 0.39609375
1 0.984375 0.48984375 0.03046875 0.3296875
1 0.21875 0.49375 0.0375 0.45703125
1 0.5796875 0.49921875 0.02734375 0.3578125
1 0.7578125 0.50625 0.03125 0.38828125
1 0.6015625 0.50625 0.028125 0.36640625
1 0.6265625 0.5125 0.03125 0.38203125
1 0.7890625 0.51953125 0.03828125 0.3859375
1 0.65625 0.521875 0.03515625 0.390625
1 0.4765625 0.5265625 0.05234375 0.509375
1 0.6921875 0.528125 0.03984375 0.41640625
1 0.3796875 0.52890625 0.05 0.5109375
1 0.4234375 0.53125 0.04296875 0.490625
1 0.26015625 0.53359375 0.0328125 0.4546875
1 0.09453125 0.546875 0.0609375 0.553125
1 0.2890625 0.5484375 0.025 0.4625
1 0.5234375 0.5515625 0.04375 0.45078125
1 0.30859375 0.55625 0.0234375 0.47890625
1 0.33671875 0.5703125 0.0453125 0.49921875
1 0.175 0.58984375 0.065625 0.6359375
1 0.05 0.62265625 0.090625 0.7484375
