1 0.171875 0.5 0.14765625 1
1 0.2859375 0.51171875 0.0875 0.9765625
1 0.35546875 0.52734375 0.0640625 0.9453125
1 0.6796875 0.5453125 0.03984375 0.43984375
1 0.4 0.55234375 0.04765625 0.8953125
1 0.76171875 0.5546875 0.0390625 0.43359375
1 0.8046875 0.5546875 0.04765625 0.44453125
1 0.8484375 0.5578125 0.0375 0.44453125
1 0.6375 0.5671875 0.04453125 0.49296875
1 0.8859375 0.5671875 0.05234375 0.45078125
1 0.4390625 0.57421875 0.04765625 0.8421875
1 0.9453125 0.57578125 0.05234375 0.4578125
1 0.478125 0.5828125 0.05078125 0.83125
1 0.60078125 0.584375 0.0296875 0.584375
1 0.515625 0.590625 0.046875 0.81875
1 0.55234375 0.6078125 0.0390625 0.78203125
1 0.98125 0.59140625 0.03515625 0.4671875
