1 0.521875 0.5140625 0.04453125 0.55546875
1 0.471875 0.54140625 0.04765625 0.6203125
1 0.9828125 0.5421875 0.03203125 0.56640625
1 0.3640625 0.59375 0.07890625 0.74453125
1 0.1953125 0.6078125 0.20078125 0.78203125
1 0.834375 0.6078125 0.05703125 0.76015625
1 0.396875 0.6109375 0.07421875 0.778125
1 0.6671875 0.615625 0.065625 0.76875
1 0.71640625 0.615625 0.0640625 0.75078125
1 0.778125 0.615625 0.08203125 0.76875
1 0.915625 0.615625 0.07890625 0.76875
1 0.30703125 0.61953125 0.1171875 0.7609375
