1 0.17421875 0.63515625 0.1078125 0.7296875
1 0.0703125 0.64609375 0.109375 0.7078125
1 0.26953125 0.65078125 0.0921875 0.6984375
1 0.35078125 0.66171875 0.1015625 0.6765625
1 0.45625 0.68125 0.10625 0.6375
1 0.54296875 0.68984375 0.1140625 0.6203125
1 0.771875 0.7046875 0.12890625 0.58828125
1 0.90078125 0.7046875 0.1359375 0.58828125
1 0.646875 0.7140625 0.12421875 0.571875
1 0.96953125 0.7046875 0.0609375 0.590625
1 0.028125 0.109375 0.03984375 0.18671875
1 0.05 0.10703125 0.03125 0.1921875
1 0.078125 0.0828125 0.03671875 0.14453125
1 0.10703125 0.08359375 0.0328125 0.1421875
1 0.1375 0.0890625 0.03828125 0.16484375
1 0.17265625 0.0640625 0.0390625 0.11953125
1 0.20390625 0.0859375 0.0390625 0.13671875
1 0.2328125 0.08125 0.03515625 0.14375
1 0.2671875 0.059375 0.03671875 0.078125
1 0.30625 0.05703125 0.03125 0.1140625
1 0.334375 0.05859375 0.03359375 0.1171875
1 0.36328125 0.04375 0.0328125 0.0875
1 0.3953125 0.04453125 0.03359375 0.0890625
