1 0.521875 0.32890625 0.08671875 0.2828125
1 0.40625 0.3484375 0.09765625 0.24921875
1 0.91171875 0.44609375 0.1390625 0.7953125
1 0.84140625 0.559375 0.1296875 0.81484375
1 0.79453125 0.55859375 0.0921875 0.8546875
1 0.73046875 0.57890625 0.1015625 0.8421875
1 0.6796875 0.584375 0.11640625 0.82890625
1 0.5828125 0.6125 0.13046875 0.74765625
1 0.32265625 0.63125 0.1390625 0.7375
1 0.46171875 0.65078125 0.1453125 0.6984375
1 0.184375 0.65546875 0.18203125 0.6890625
1 0.05078125 0.784375 0.1015625 0.43125
1 0.05078125 0.49765625 0.1015625 0.3671875
1 0.2 0.3671875 0.13671875 0.30390625
1 0.3234375 0.29765625 0.11953125 0.2515625
