1 0.0703125 0.49140625 0.07578125 0.5171875
1 0.1328125 0.49375 0.05234375 0.51171875
1 0.1703125 0.496875 0.05234375 0.528125
1 0.196875 0.5015625 0.04609375 0.56015625
1 0.2609375 0.51875 0.05390625 0.615625
1 0.30859375 0.5296875 0.0640625 0.64296875
1 0.9453125 0.534375 0.06015625 0.62109375
1 0.3703125 0.5421875 0.071875 0.671875
1 0.4375 0.55703125 0.07421875 0.6796875
1 0.503125 0.55859375 0.071875 0.7171875
1 0.8953125 0.5625 0.05 0.67734375
1 0.796875 0.5796875 0.08828125 0.7625
1 0.55625 0.584375 0.084375 0.784375
1 0.846875 0.5859375 0.06015625 0.75703125
1 0.634375 0.58984375 0.1 0.8109375
1 0.73203125 0.5921875 0.1140625 0.815625
