1 0.809375 0.4828125 0.22421875 0.41015625
1 0.66171875 0.49375 0.1640625 0.42578125
1 0.49609375 0.5109375 0.1765625 0.44140625
1 0.3296875 0.540625 0.20078125 0.41640625
1 0.1671875 0.5578125 0.25546875 0.41796875
1 0.9171875 0.38515625 0.165625 0.4359375
1 0.0671875 0.33125 0.12109375 0.12109375
1 0.1125 0.36875 0.16640625 0.16015625
1 0.23125 0.3078125 0.13203125 0.10078125
1 0.28125 0.346875 0.153125 0.10234375
1 0.3984375 0.296875 0.10625 0.09765625
1 0.44375 0.3171875 0.125 0.10625
1 0.5390625 0.284375 0.11796875 0.10625
1 0.5921875 0.3328125 0.13046875 0.14375
1 0.67109375 0.2859375 0.1109375 0.11796875
1 0.76015625 0.328125 0.1265625 0.14375
