1 0.32109375 0.521875 0.0515625 0.13125
1 0.5328125 0.58125 0.05703125 0.20703125
1 0.7703125 0.6234375 0.059375 0.27734375
1 0.42421875 0.596875 0.0515625 0.29140625
1 0.83203125 0.603125 0.0609375 0.24921875
1 0.70234375 0.61875 0.0484375 0.2625
1 0.58828125 0.62890625 0.0453125 0.3265625
1 0.3703125 0.634375 0.04375 0.3
1 0.47890625 0.73359375 0.0515625 0.4953125
1 0.63671875 0.7078125 0.0578125 0.453125
1 0.1546875 0.76015625 0.12109375 0.4796875
1 0.2828125 0.784375 0.12421875 0.43125
1 0.5453125 0.79765625 0.109375 0.4046875
1 0.73125 0.8140625 0.140625 0.37109375
1 0.8578125 0.8140625 0.13515625 0.37109375
1 0.409375 0.82109375 0.12890625 0.3578125
1 0.7625 0.471875 0.028125 0.10078125
1 0.9765625 0.4921875 0.028125 0.21328125
1 0.8359375 0.4484375 0.028125 0.06015625
