1 0.0359375 0.6390625 0.021875 0.38359375
1 0.053125 0.6453125 0.025 0.38359375
1 0.0734375 0.653125 0.03203125 0.39921875
1 0.34140625 0.6578125 0.0359375 0.434375
1 0.1078125 0.6578125 0.034375 0.415625
1 0.1421875 0.665625 0.03046875 0.434375
1 0.16328125 0.675 0.0359375 0.434375
1 0.1859375 0.6796875 0.03203125 0.45390625
1 0.2140625 0.68125 0.04140625 0.46953125
1 0.2453125 0.6921875 0.03984375 0.47265625
1 0.2796875 0.69296875 0.046875 0.5046875
1 0.39296875 0.7171875 0.0453125 0.559375
1 0.475 0.7203125 0.04140625 0.54609375
1 0.4359375 0.721875 0.046875 0.55625
1 0.52109375 0.725 0.0484375 0.54296875
1 0.57734375 0.725 0.0609375 0.54921875
1 0.6296875 0.73125 0.05546875 0.53671875
1 0.6828125 0.73125 0.06796875 0.53671875
1 0.746875 0.734375 0.06328125 0.52734375
1 0.8390625 0.734375 0.071875 0.53125
1 0.93125 0.74296875 0.08125 0.5015625
1 0.0171875 0.565625 0.034375 0.31640625
