1 0.01875 0.41875 0.03125 0.28203125
1 0.08203125 0.43125 0.0328125 0.31171875
1 0.14609375 0.4359375 0.0359375 0.33515625
1 0.16796875 0.440625 0.0265625 0.34609375
1 0.1859375 0.446875 0.03359375 0.34921875
1 0.10625 0.453125 0.02578125 0.29609375
1 0.2375 0.4546875 0.04140625 0.371875
1 0.26484375 0.4609375 0.0390625 0.38359375
1 0.28125 0.4640625 0.03671875 0.40234375
1 0.3390625 0.4765625 0.04765625 0.42890625
1 0.378125 0.4796875 0.04375 0.45
1 0.40625 0.4890625 0.04765625 0.46328125
1 0.45 0.4953125 0.053125 0.471875
1 0.49453125 0.5046875 0.0546875 0.49921875
1 0.54453125 0.5171875 0.0578125 0.509375
1 0.59453125 0.5203125 0.0546875 0.54296875
1 0.64375 0.53125 0.059375 0.56953125
1 0.703125 0.54375 0.065625 0.56796875
1 0.76953125 0.546875 0.0734375 0.63515625
1 0.83203125 0.5546875 0.0640625 0.65546875
1 0.88984375 0.5609375 0.0765625 0.69921875
1 0.95859375 0.5765625 0.0796875 0.67890625
