1 0.840625 0.3375 0.14609375 0.253125
1 0.2203125 0.346875 0.15 0.259375
1 0.671875 0.3484375 0.15 0.24375
1 0.05234375 0.35859375 0.0953125 0.7171875
1 0.5359375 0.396875 0.12734375 0.28359375
1 0.3546875 0.6296875 0.14609375 0.740625
1 0.2125 0.64765625 0.18828125 0.7046875
1 0.91875 0.64765625 0.16171875 0.7046875
1 0.7953125 0.64921875 0.203125 0.7015625
1 0.64140625 0.659375 0.1859375 0.68046875
1 0.4453125 0.66875 0.20078125 0.6625
1 0.24375 0.184375 0.09140625 0.34921875
1 0.3359375 0.2046875 0.09140625 0.39140625
1 0.6625 0.26015625 0.13359375 0.2109375
1 0.78828125 0.2578125 0.1171875 0.22734375
1 0.146875 0.3109375 0.090625 0.62109375
1 0.928125 0.26875 0.12578125 0.253125
1 0.528125 0.2859375 0.13359375 0.19296875
