1 0.14921875 0.5125 0.2984375 0.91875
1 0.075 0.15625 0.15 0.29609375
1 0.36484375 0.41953125 0.2234375 0.7796875
1 0.24140625 0.15703125 0.1734375 0.3015625
1 0.51171875 0.33828125 0.1671875 0.6734375
1 0.39375 0.89296875 0.153125 0.2140625
1 0.23359375 0.93125 0.1640625 0.1375
1 0.528125 0.825 0.121875 0.35
1 0.640625 0.290625 0.11875 0.58125
1 0.64140625 0.8015625 0.0890625 0.396875
1 0.72734375 0.69140625 0.0890625 0.3703125
1 0.74375 0.23828125 0.10546875 0.4765625
1 0.828125 0.23828125 0.09296875 0.4765625
1 0.9078125 0.2125 0.084375 0.425
1 0.96484375 0.16875 0.0671875 0.3375
1 0.796875 0.646875 0.08203125 0.309375
1 0.86171875 0.58125 0.0609375 0.26953125
1 0.9171875 0.509375 0.059375 0.30703125
1 0.96796875 0.4765625 0.0609375 0.26953125
