1 0.09296875 0.821875 0.1859375 0.35390625
1 0.0734375 0.628125 0.14296875 0.26328125
1 0.05625 0.47265625 0.1125 0.1953125
1 0.0578125 0.38359375 0.115625 0.2109375
1 0.05859375 0.315625 0.1078125 0.20859375
1 0.0765625 0.2296875 0.08515625 0.134375
1 0.078125 0.1921875 0.08359375 0.14375
1 0.07421875 0.1421875 0.0828125 0.14140625
1 0.3015625 0.85625 0.2125 0.2875
1 0.25 0.71015625 0.184375 0.2953125
1 0.2140625 0.51640625 0.14375 0.1890625
1 0.18125 0.43125 0.12734375 0.23125
1 0.17734375 0.309375 0.1234375 0.17890625
1 0.17578125 0.2171875 0.0953125 0.121875
1 0.17421875 0.15625 0.0921875 0.12421875
1 0.1703125 0.1078125 0.08671875 0.08203125
1 0.51015625 0.82109375 0.1890625 0.3578125
1 0.69140625 0.78515625 0.1546875 0.4296875
1 0.865625 0.75078125 0.15703125 0.4984375
1 0.94375 0.7671875 0.11015625 0.46328125
1 0.41875 0.653125 0.134375 0.33046875
1 0.3578125 0.4953125 0.121875 0.25546875
1 0.32890625 0.38984375 0.1234375 0.2359375
1 0.2921875 0.29765625 0.10234375 0.2109375
1 0.28203125 0.19140625 0.0828125 0.1390625
1 0.26875 0.12265625 0.08984375 0.1140625
1 0.25703125 0.0640625 0.0703125 0.06953125
1 0.5859375 0.53671875 0.14375 0.2484375
1 0.50859375 0.44375 0.1453125 0.21640625
1 0.46328125 0.34375 0.1078125 0.24375
1 0.4125 0.25546875 0.09921875 0.1765625
1 0.37421875 0.153125 0.0796875 0.13671875
1 0.3359375 0.0625 0.07578125 0.11640625
1 0.7328125 0.51953125 0.13828125 0.2984375
1 0.8734375 0.4625 0.12890625 0.27578125
1 0.96796875 0.496875 0.0640625 0.171875
1 0.6375 0.3734375 0.121875 0.18359375
1 0.7609375 0.31953125 0.11640625 0.1765625
1 0.8953125 0.315625 0.10625 0.17890625
1 0.9703125 0.2984375 0.05703125 0.17890625
1 0.571875 0.2765625 0.11171875 0.16171875
1 0.6875 0.24375 0.11328125 0.15859375
1 0.79765625 0.2171875 0.1078125 0.15859375
1 0.8953125 0.2171875 0.09765625 0.18359375
1 0.96796875 0.1828125 0.0640625 0.16875
1 0.5234375 0.1984375 0.090625 0.12890625
1 0.49765625 0.15 0.0953125 0.134375
1 0.4734375 0.08828125 0.07578125 0.0921875
1 0.4296875 0.06640625 0.06875 0.1015625
1 0.51328125 0.034375 0.0890625 0.06875
1 0.62734375 0.1859375 0.0921875 0.13671875
1 0.59140625 0.1015625 0.0765625 0.12421875
1 0.6140625 0.0296875 0.10625 0.059375
1 0.6875 0.09375 0.08828125 0.09453125
1 0.73125 0.12578125 0.08515625 0.1015625
1 0.8265625 0.1359375 0.090625 0.121875
1 0.90390625 0.08984375 0.0828125 0.0796875
1 0.70625 0.0296875 0.08359375 0.059375
1 0.76875 0.053125 0.07265625 0.07421875
1 0.84765625 0.04375 0.0796875 0.06953125
1 0.971875 0.046875 0.05625 0.084375
