1 0.15625 0.71328125 0.3125 0.5734375
1 0.3890625 0.6640625 0.21953125 0.67109375
1 0.57734375 0.63203125 0.1828125 0.7359375
1 0.740625 0.56953125 0.171875 0.5953125
1 0.725 0.915625 0.14140625 0.16875
1 0.88125 0.51875 0.13984375 0.56640625
1 0.85625 0.89296875 0.11875 0.2140625
1 0.9609375 0.5171875 0.078125 0.49375
1 0.95703125 0.884375 0.0859375 0.23125
1 0.26875 0.190625 0.11015625 0.30703125
1 0.04375 0.39453125 0.0875 0.1359375
1 0.190625 0.4125 0.12734375 0.17890625
1 0.15 0.30546875 0.090625 0.0859375
1 0.3796875 0.3140625 0.11640625 0.15703125
1 0.5265625 0.309375 0.125 0.14296875
1 0.46875 0.2375 0.11640625 0.06875
1 0.6796875 0.25625 0.14375 0.11640625
1 0.81171875 0.2484375 0.1109375 0.09765625
1 0.934375 0.228125 0.13125 0.09296875
