1 0.190625 0.6703125 0.05625 0.21015625
1 0.296875 0.67265625 0.07421875 0.2078125
1 0.8984375 0.1640625 0.06875 0.221875
1 0.7265625 0.684375 0.07421875 0.27265625
1 0.828125 0.1625 0.07734375 0.27890625
1 0.53984375 0.6015625 0.0765625 0.22734375
1 0.6 0.765625 0.08203125 0.26640625
1 0.29296875 0.88828125 0.0890625 0.2234375
1 0.18828125 0.890625 0.0796875 0.21875
1 0.8078125 0.61484375 0.040625 0.1328125
1 0.890625 0.6609375 0.0375 0.11796875
1 0.85 0.7875 0.04375 0.12109375
1 0.9234375 0.85625 0.04140625 0.13984375
