1 0.09609375 0.76640625 0.1796875 0.4671875
1 0.221875 0.6890625 0.11640625 0.32734375
1 0.2796875 0.64140625 0.05703125 0.2515625
1 0.31015625 0.603125 0.0421875 0.18984375
1 0.5109375 0.86875 0.1125 0.26015625
1 0.603125 0.9078125 0.05859375 0.184375
1 0.746875 0.96484375 0.14609375 0.0703125
1 0.9125 0.74765625 0.17421875 0.4703125
1 0.928125 0.31953125 0.14296875 0.4828125
1 0.76640625 0.7203125 0.1859375 0.52421875
1 0.6875 0.678125 0.13125 0.38125
1 0.625 0.65234375 0.084375 0.3234375
1 0.5328125 0.59375 0.11171875 0.29609375
1 0.4609375 0.553125 0.059375 0.17734375
1 0.44921875 0.71484375 0.0734375 0.1546875
1 0.8375 0.3375 0.1 0.27734375
1 0.7875 0.325 0.13515625 0.25625
1 0.66484375 0.334375 0.1265625 0.325
1 0.53125 0.409375 0.05 0.14453125
