1 0.03515625 0.9546875 0.0703125 0.090625
1 0.12734375 0.96328125 0.1171875 0.0734375
1 0.246875 0.96328125 0.11484375 0.0734375
1 0.3703125 0.9546875 0.109375 0.090625
1 0.4953125 0.96171875 0.10546875 0.0765625
1 0.0296875 0.7828125 0.059375 0.3375
1 0.11875 0.784375 0.134375 0.35
1 0.2375 0.7828125 0.12109375 0.34453125
1 0.3640625 0.77890625 0.11484375 0.3515625
1 0.484375 0.796875 0.128125 0.33515625
1 0.0546875 0.6078125 0.10859375 0.05859375
1 0.17578125 0.62734375 0.1109375 0.0953125
1 0.284375 0.61875 0.10625 0.084375
1 0.38359375 0.6265625 0.0984375 0.10703125
1 0.5 0.6109375 0.09609375 0.05625
1 0.503125 0.5609375 0.12890625 0.28984375
1 0.3765625 0.51875 0.13359375 0.19765625
1 0.25703125 0.5140625 0.1265625 0.184375
1 0.1359375 0.5046875 0.13359375 0.1875
1 0.03828125 0.5125 0.0765625 0.19140625
1 0.64609375 0.5875 0.1421875 0.33984375
1 0.6484375 0.5921875 0.10234375 0.26171875
1 0.72265625 0.603125 0.1390625 0.24609375
1 0.88046875 0.5984375 0.1546875 0.24140625
1 0.9734375 0.59765625 0.05078125 0.2359375
1 0.7359375 0.8421875 0.16171875 0.24140625
1 0.91875 0.83125 0.16015625 0.2
1 0.79296875 0.89765625 0.2203125 0.2046875
1 0.9390625 0.8953125 0.121875 0.20625
