1 0.1265625 0.30546875 0.253125 0.5140625
1 0.2984375 0.1625 0.20234375 0.265625
1 0.4046875 0.53125 0.325 0.58515625
1 0.1921875 0.72421875 0.23671875 0.4015625
1 0.4421875 0.8984375 0.28515625 0.203125
1 0.71640625 0.8875 0.2609375 0.22421875
1 0.71328125 0.5234375 0.2734375 0.58828125
1 0.8375 0.4234375 0.20625 0.50390625
1 0.48046875 0.2296875 0.2640625 0.303125
1 0.4578125 0.06328125 0.16796875 0.1265625
1 0.73828125 0.153125 0.2234375 0.17109375
1 0.86953125 0.85234375 0.2609375 0.2953125
1 0.96015625 0.3734375 0.0796875 0.73125
