1 0.13046875 0.175 0.2609375 0.35
1 0.3953125 0.175 0.28125 0.34921875
1 0.66875 0.171875 0.284375 0.34375
1 0.84609375 0.1640625 0.0890625 0.328125
1 0.940625 0.15703125 0.11796875 0.3140625
1 0.0375 0.559375 0.06796875 0.41953125
1 0.17578125 0.565625 0.2390625 0.42734375
1 0.425 0.565625 0.26640625 0.446875
1 0.684375 0.584375 0.25390625 0.46484375
1 0.8375 0.525 0.08828125 0.38203125
1 0.921875 0.484375 0.10078125 0.37421875
1 0.978125 0.4328125 0.04375 0.26015625
1 0.04609375 0.890625 0.0921875 0.21875
1 0.2015625 0.884375 0.22109375 0.23125
1 0.43046875 0.89453125 0.2359375 0.2109375
1 0.68515625 0.9078125 0.2265625 0.184375
1 0.82890625 0.88125 0.0953125 0.23359375
1 0.9046875 0.8265625 0.10078125 0.33828125
1 0.975 0.734375 0.05 0.22890625
