1 0.06015625 0.6390625 0.1171875 0.709375
1 0.25546875 0.63984375 0.3078125 0.7203125
1 0.56484375 0.63125 0.2734375 0.7375
1 0.84609375 0.60625 0.2609375 0.7875
1 0.2484375 0.3390625 0.22578125 0.325
1 0.5515625 0.31484375 0.26015625 0.3578125
1 0.7765625 0.36328125 0.19453125 0.4921875
1 0.95859375 0.29140625 0.0828125 0.5453125
1 0.815625 0.1328125 0.18125 0.2
1 0.59375 0.096875 0.17890625 0.115625
1 0.36875 0.26171875 0.15859375 0.3671875
1 0.165625 0.165625 0.21015625 0.25078125
1 0.2328125 0.1015625 0.16484375 0.18515625
1 0.4140625 0.10625 0.16953125 0.2125
1 0.5984375 0.028125 0.16875 0.05625
1 0.78984375 0.0640625 0.1765625 0.128125
