1 0.10234375 0.4 0.0578125 0.13671875
1 0.84296875 0.40546875 0.0421875 0.1078125
1 0.1421875 0.4140625 0.06875 0.15
1 0.9 0.5296875 0.059375 0.2875
1 0.9375 0.53359375 0.06484375 0.2890625
1 0.865625 0.5484375 0.065625 0.321875
1 0.9640625 0.55625 0.071875 0.32265625
1 0.640625 0.5578125 0.03828125 0.37265625
1 0.45859375 0.559375 0.0390625 0.37890625
1 0.575 0.571875 0.02890625 0.39375
1 0.4921875 0.57265625 0.046875 0.3984375
1 0.6109375 0.57578125 0.053125 0.3828125
1 0.54609375 0.5859375 0.0484375 0.41171875
1 0.2171875 0.6046875 0.07421875 0.54140625
1 0.396875 0.6265625 0.06015625 0.55859375
1 0.034375 0.6515625 0.06796875 0.534375
1 0.07734375 0.653125 0.1078125 0.525
1 0.27109375 0.66640625 0.0578125 0.5484375
1 0.171875 0.6796875 0.10703125 0.57890625
1 0.325 0.68125 0.08671875 0.6125
1 0.6734375 0.696875 0.103125 0.45859375
