1 0.6390625 0.76875 0.09296875 0.20859375
1 0.6859375 0.75234375 0.07578125 0.1640625
1 0.89296875 0.85625 0.1171875 0.2625
1 0.92890625 0.903125 0.0984375 0.19375
1 0.8125 0.925 0.09375 0.15
1 0.625 0.871875 0.07578125 0.18984375
1 0.6640625 0.85859375 0.075 0.1578125
1 0.7234375 0.6921875 0.07578125 0.18125
1 0.603125 0.740625 0.08125 0.18828125
1 0.59375 0.83359375 0.08046875 0.1828125
1 0.58125 0.653125 0.06953125 0.178125
1 0.57578125 0.746875 0.0765625 0.17890625
1 0.55 0.58125 0.08046875 0.159375
1 0.5078125 0.58359375 0.07265625 0.1609375
1 0.54375 0.684375 0.05546875 0.16328125
1 0.4703125 0.74609375 0.075 0.2328125
1 0.42265625 0.75390625 0.0671875 0.2328125
1 0.3625 0.7671875 0.07109375 0.23203125
1 0.38828125 0.734375 0.0703125 0.228125
1 0.33125 0.73515625 0.05625 0.2296875
1 0.29375 0.73125 0.06640625 0.24609375
1 0.26015625 0.7046875 0.0640625 0.22109375
1 0.246875 0.6625 0.06875 0.228125
1 0.33984375 0.49921875 0.0421875 0.1578125
1 0.3875 0.53125 0.078125 0.16875
1 0.7609375 0.6234375 0.08359375 0.196875
1 0.303125 0.334375 0.05078125 0.146875
1 0.27421875 0.34921875 0.0515625 0.1359375
1 0.25078125 0.35 0.0484375 0.14296875
1 0.2296875 0.3578125 0.046875 0.13359375
1 0.2078125 0.353125 0.04921875 0.14296875
1 0.16171875 0.696875 0.0671875 0.209375
1 0.1703125 0.66171875 0.07578125 0.1859375
1 0.1578125 0.85 0.08671875 0.20625
1 0.1234375 0.8703125 0.08671875 0.17578125
1 0.109375 0.9171875 0.09140625 0.16015625
1 0.16640625 0.484375 0.0765625 0.18125
1 0.1671875 0.5703125 0.07890625 0.20859375
1 0.5890625 0.2875 0.06015625 0.178125
1 0.1625 0.315625 0.04140625 0.090625
1 0.1515625 0.20546875 0.040625 0.0921875
1 0.13125 0.1484375 0.03828125 0.10078125
1 0.0890625 0.22421875 0.040625 0.1421875
1 0.0265625 0.3015625 0.053125 0.140625
