1 0.8859375 0.85625 0.13203125 0.27265625
1 0.9140625 0.8953125 0.10546875 0.209375
1 0.809375 0.928125 0.09375 0.14375
1 0.6296875 0.759375 0.075 0.2
1 0.621875 0.86953125 0.07734375 0.1796875
1 0.659375 0.85078125 0.07578125 0.1953125
1 0.671875 0.753125 0.07578125 0.178125
1 0.6984375 0.71796875 0.08125 0.1765625
1 0.6828125 0.8140625 0.06328125 0.14765625
1 0.7171875 0.81796875 0.075 0.1390625
1 0.73125 0.7171875 0.07265625 0.15546875
1 0.596875 0.7328125 0.06640625 0.190625
1 0.584375 0.8328125 0.08125 0.15078125
1 0.5609375 0.75 0.065625 0.14609375
1 0.571875 0.6359375 0.059375 0.146875
1 0.59140625 0.6875 0.0734375 0.171875
1 0.5546875 0.6078125 0.05703125 0.16640625
1 0.55 0.69609375 0.0625 0.1484375
1 0.5453125 0.5703125 0.06484375 0.18984375
1 0.534375 0.66875 0.06015625 0.15078125
1 0.5 0.58828125 0.05 0.1359375
1 0.459375 0.7359375 0.05234375 0.20234375
1 0.46796875 0.6828125 0.0734375 0.225
1 0.459375 0.6203125 0.075 0.24609375
1 0.4125 0.753125 0.05 0.19296875
1 0.38515625 0.7359375 0.0671875 0.23046875
1 0.35625 0.759375 0.06171875 0.21953125
1 0.328125 0.71640625 0.059375 0.2328125
1 0.2828125 0.7328125 0.06328125 0.21875
1 0.2515625 0.709375 0.07109375 0.23203125
1 0.24140625 0.675 0.0671875 0.25
1 0.3828125 0.5203125 0.05546875 0.18046875
1 0.146875 0.834375 0.08046875 0.209375
1 0.1171875 0.8671875 0.08671875 0.228125
1 0.09375 0.9015625 0.09375 0.18046875
1 0.0828125 0.94765625 0.078125 0.1046875
1 0.1375 0.753125 0.07890625 0.209375
1 0.153125 0.696875 0.06640625 0.19921875
1 0.1671875 0.659375 0.071875 0.20078125
1 0.159375 0.61328125 0.06640625 0.2109375
1 0.15546875 0.5609375 0.0703125 0.20546875
1 0.165625 0.484375 0.05625 0.17265625
1 0.1609375 0.46015625 0.06015625 0.1859375
1 0.221875 0.3546875 0.040625 0.14921875
1 0.2421875 0.34375 0.0375 0.134375
1 0.196875 0.34765625 0.04296875 0.1296875
1 0.1828125 0.334375 0.04140625 0.14609375
1 0.15078125 0.3203125 0.0359375 0.09140625
1 0.1359375 0.32109375 0.03828125 0.0953125
1 0.11640625 0.31484375 0.0359375 0.1140625
1 0.103125 0.315625 0.040625 0.10859375
1 0.0890625 0.309375 0.0375 0.10546875
1 0.146875 0.26796875 0.02734375 0.0765625
1 0.13125 0.2609375 0.04453125 0.078125
1 0.115625 0.26875 0.03984375 0.103125
1 0.0984375 0.26796875 0.03671875 0.0921875
1 0.0765625 0.2078125 0.02890625 0.09375
1 0.09375 0.190625 0.03671875 0.10078125
1 0.1046875 0.2 0.03828125 0.11015625
1 0.1234375 0.203125 0.0375 0.10625
1 0.14296875 0.196875 0.0453125 0.11875
1 0.02421875 0.32890625 0.0484375 0.1609375
1 0.578125 0.2546875 0.03984375 0.12734375
1 0.5984375 0.259375 0.03515625 0.14921875
1 0.615625 0.2734375 0.03046875 0.134375
1 0.62578125 0.2890625 0.0359375 0.13359375
1 0.6421875 0.3015625 0.0375 0.13671875
1 0.6625 0.3 0.034375 0.12265625
1 0.671875 0.32421875 0.03828125 0.1171875
1 0.696875 0.41875 0.03984375 0.13359375
1 0.5875 0.49921875 0.05703125 0.1640625
1 0.703125 0.2921875 0.05078125 0.21640625
1 0.72265625 0.28359375 0.0421875 0.2078125
1 0.74296875 0.290625 0.0453125 0.20234375
1 0.69296875 0.2671875 0.0421875 0.19765625
1 0.68125 0.253125 0.059375 0.21796875
1 0.33125 0.49765625 0.05078125 0.1578125
