1 0.628125 0.7453125 0.07890625 0.23125
1 0.35625 0.7515625 0.07421875 0.178125
1 0.46875 0.715625 0.06875 0.19140625
1 0.421875 0.7390625 0.07421875 0.209375
1 0.2453125 0.65 0.05390625 0.17578125
1 0.5765625 0.6421875 0.05703125 0.175
1 0.540625 0.5765625 0.05859375 0.18046875
1 0.584375 0.26875 0.04296875 0.165625
1 0.63125 0.3125 0.06015625 0.15625
1 0.284375 0.7109375 0.06015625 0.196875
1 0.584375 0.834375 0.071875 0.14375
1 0.62890625 0.8703125 0.0578125 0.12421875
1 0.6 0.73046875 0.05859375 0.1671875
1 0.66875 0.740625 0.08046875 0.1625
1 0.665625 0.834375 0.08515625 0.16171875
1 0.6890625 0.8203125 0.06640625 0.13203125
1 0.728125 0.81171875 0.065625 0.1296875
1 0.296875 0.3125 0.04296875 0.165625
1 0.15 0.196875 0.046875 0.14296875
1 0.13046875 0.1890625 0.0390625 0.125
1 0.1140625 0.190625 0.0375 0.13203125
1 0.0953125 0.19375 0.03828125 0.13359375
1 0.0765625 0.1890625 0.03359375 0.13828125
