1 0.89140625 0.8546875 0.1109375 0.24140625
1 0.925 0.89609375 0.09765625 0.2078125
1 0.8640625 0.9328125 0.078125 0.134375
1 0.8359375 0.95703125 0.071875 0.0859375
1 0.79921875 0.93515625 0.1046875 0.1296875
1 0.6265625 0.7796875 0.08828125 0.184375
1 0.615625 0.86796875 0.065625 0.1671875
1 0.66953125 0.759375 0.0765625 0.16015625
1 0.6609375 0.85078125 0.06796875 0.1484375
1 0.7359375 0.7140625 0.065625 0.15078125
1 0.7265625 0.8125 0.06953125 0.13046875
1 0.6921875 0.81640625 0.06640625 0.1578125
1 0.7046875 0.715625 0.059375 0.18046875
1 0.5765625 0.83671875 0.05546875 0.1359375
1 0.5953125 0.7359375 0.065625 0.18984375
1 0.5921875 0.6875 0.08359375 0.19453125
1 0.5734375 0.6375 0.06796875 0.18515625
1 0.56015625 0.74375 0.0734375 0.190625
1 0.540625 0.70625 0.075 0.17421875
1 0.5515625 0.60546875 0.08046875 0.1640625
1 0.5390625 0.56640625 0.06953125 0.2078125
1 0.53125 0.665625 0.07109375 0.16875
1 0.76015625 0.60625 0.0734375 0.17421875
1 0.7015625 0.41953125 0.04921875 0.1484375
1 0.59140625 0.48828125 0.0640625 0.1453125
1 0.75 0.2828125 0.06015625 0.190625
1 0.7296875 0.29375 0.053125 0.190625
1 0.71015625 0.2890625 0.0578125 0.19140625
1 0.69375 0.2765625 0.065625 0.20859375
1 0.684375 0.2640625 0.07109375 0.21953125
1 0.57734375 0.27265625 0.0609375 0.1296875
1 0.640625 0.3125 0.04609375 0.1375
1 0.66953125 0.2984375 0.0421875 0.13046875
1 0.66015625 0.3109375 0.0421875 0.10703125
1 0.628125 0.29609375 0.03828125 0.1140625
1 0.6140625 0.28359375 0.05078125 0.1171875
1 0.6046875 0.26796875 0.05625 0.1265625
1 0.45625 0.725 0.06484375 0.22734375
1 0.40625 0.753125 0.04765625 0.1875
1 0.34609375 0.759375 0.0546875 0.18125
1 0.375 0.7265625 0.05390625 0.21640625
1 0.321875 0.728125 0.059375 0.18359375
1 0.271875 0.7375 0.0625 0.178125
1 0.2453125 0.7125 0.065625 0.234375
1 0.2328125 0.6671875 0.07109375 0.27890625
1 0.459375 0.6640625 0.065625 0.18359375
1 0.45 0.61015625 0.07421875 0.2140625
1 0.3734375 0.55625 0.06796875 0.20234375
1 0.36015625 0.5125 0.0609375 0.209375
1 0.340625 0.64375 0.053125 0.20234375
1 0.1265625 0.8296875 0.09140625 0.21171875
1 0.103125 0.8484375 0.08671875 0.21015625
1 0.0828125 0.8890625 0.09765625 0.203125
1 0.0703125 0.95546875 0.071875 0.0890625
1 0.053125 0.93046875 0.09296875 0.1265625
1 0.05703125 0.88671875 0.0953125 0.1421875
1 0.125 0.790625 0.096875 0.23359375
1 0.1421875 0.6890625 0.09140625 0.18203125
1 0.11640625 0.70859375 0.0890625 0.1859375
1 0.15078125 0.6515625 0.0828125 0.18828125
1 0.15625 0.615625 0.07578125 0.22109375
1 0.14921875 0.5734375 0.0796875 0.221875
1 0.153125 0.48828125 0.059375 0.1453125
1 0.1515625 0.453125 0.05703125 0.15546875
1 0.1421875 0.4375 0.06171875 0.15234375
1 0.23125 0.34609375 0.05 0.1296875
1 0.25859375 0.33671875 0.0515625 0.1421875
1 0.21328125 0.35625 0.0515625 0.1375
1 0.19375 0.353125 0.04921875 0.134375
1 0.1765625 0.33203125 0.05625 0.1265625
1 0.1421875 0.3140625 0.03828125 0.08203125
1 0.125 0.3109375 0.04921875 0.09296875
1 0.109375 0.3109375 0.046875 0.09765625
1 0.090625 0.31328125 0.04765625 0.1046875
1 0.08125 0.3078125 0.04296875 0.09140625
1 0.1390625 0.26484375 0.03203125 0.0828125
1 0.1203125 0.2609375 0.03984375 0.08359375
1 0.10390625 0.26328125 0.0390625 0.0828125
1 0.08359375 0.26640625 0.0390625 0.0765625
1 0.0640625 0.20859375 0.0375 0.0890625
1 0.07890625 0.2015625 0.0421875 0.090625
1 0.0953125 0.20546875 0.034375 0.0921875
1 0.11015625 0.1953125 0.0453125 0.08984375
1 0.12890625 0.1953125 0.0515625 0.09375
