1 0.0828125 0.20625 0.02421875 0.06953125
1 0.096875 0.2140625 0.01875 0.08125
1 0.1125 0.20859375 0.02109375 0.0765625
1 0.128125 0.20703125 0.025 0.0671875
1 0.1515625 0.20625 0.025 0.07421875
1 0.1203125 0.31796875 0.02265625 0.0765625
1 0.1046875 0.309375 0.01796875 0.06484375
1 0.15546875 0.3203125 0.0265625 0.07109375
1 0.134375 0.2703125 0.021875 0.05625
1 0.1546875 0.26875 0.01875 0.05625
1 0.2015625 0.359375 0.02734375 0.11171875
1 0.225 0.35390625 0.02890625 0.1109375
1 0.2453125 0.35546875 0.02890625 0.1046875
1 0.1859375 0.34375 0.02578125 0.115625
1 0.1703125 0.4921875 0.03671875 0.12578125
1 0.1625 0.4171875 0.02734375 0.06640625
1 0.1546875 0.69140625 0.05703125 0.1796875
1 0.1703125 0.65859375 0.05234375 0.1703125
1 0.14609375 0.83515625 0.0640625 0.1828125
1 0.115625 0.859375 0.06875 0.18046875
1 0.0953125 0.9171875 0.06953125 0.16015625
1 0.0828125 0.96328125 0.05625 0.0734375
1 0.05 0.9203125 0.03828125 0.06015625
1 0.0546875 0.675 0.034375 0.06640625
1 0.0984375 0.72890625 0.040625 0.0578125
1 0.0640625 0.81484375 0.04140625 0.0671875
1 0.2421875 0.65703125 0.04375 0.1703125
1 0.25234375 0.70859375 0.0421875 0.1671875
1 0.284375 0.7359375 0.05078125 0.1875
1 0.2953125 0.6421875 0.03984375 0.07265625
1 0.32265625 0.7328125 0.0421875 0.18046875
1 0.35390625 0.76953125 0.0515625 0.1703125
1 0.37890625 0.740625 0.0421875 0.165625
1 0.4140625 0.7609375 0.04765625 0.178125
1 0.4609375 0.73515625 0.046875 0.1734375
1 0.46875 0.6421875 0.040625 0.08828125
1 0.49765625 0.58984375 0.0328125 0.1109375
1 0.5234375 0.6828125 0.021875 0.08984375
1 0.540625 0.71640625 0.02578125 0.1140625
1 0.559375 0.7609375 0.02734375 0.10234375
1 0.5796875 0.85625 0.03671875 0.11171875
1 0.6125 0.8875 0.04921875 0.09140625
1 0.3578125 0.6109375 0.040625 0.07265625
1 0.35 0.6546875 0.040625 0.05234375
1 0.378125 0.534375 0.03828125 0.134375
1 0.36875 0.4953125 0.03203125 0.115625
1 0.540625 0.578125 0.03984375 0.12890625
1 0.5515625 0.6125 0.03671875 0.13046875
1 0.57421875 0.65 0.0453125 0.14375
1 0.5953125 0.68125 0.053125 0.11328125
1 0.59609375 0.75 0.0546875 0.15703125
1 0.628125 0.7734375 0.05625 0.16484375
1 0.6765625 0.75859375 0.05625 0.1546875
1 0.65546875 0.8578125 0.0484375 0.10859375
1 0.734375 0.721875 0.053125 0.134375
1 0.70078125 0.7390625 0.0390625 0.121875
1 0.6671875 0.659375 0.03359375 0.084375
1 0.70078125 0.41640625 0.0296875 0.0796875
1 0.80625 0.940625 0.06640625 0.11640625
1 0.890625 0.8515625 0.09296875 0.22890625
1 0.91953125 0.90625 0.0828125 0.18671875
1 0.7046875 0.30625 0.04296875 0.15078125
1 0.7484375 0.284375 0.02265625 0.13515625
1 0.72734375 0.3046875 0.0296875 0.15390625
1 0.64375 0.31484375 0.028125 0.0765625
1 0.6296875 0.3 0.03046875 0.07734375
1 0.6203125 0.2859375 0.02734375 0.07421875
1 0.58125 0.2640625 0.02734375 0.07265625
1 0.603125 0.26875 0.02421875 0.06328125
1 0.6921875 0.2609375 0.03046875 0.09453125
1 0.6515625 0.61640625 0.03515625 0.0703125
1 0.5953125 0.4859375 0.03671875 0.07578125
1 0.2984375 0.3046875 0.02734375 0.075
1 0.11875 0.6671875 0.03671875 0.059375
1 0.3203125 0.6203125 0.03984375 0.05703125
1 0.76875 0.6 0.03828125 0.10234375
