1 0.8859375 0.84375 0.12578125 0.26953125
1 0.9203125 0.89296875 0.10234375 0.2046875
1 0.8078125 0.9265625 0.0875 0.14453125
1 0.8375 0.96328125 0.07109375 0.0734375
1 0.6328125 0.778125 0.08046875 0.196875
1 0.6234375 0.871875 0.09140625 0.18984375
1 0.6625 0.85234375 0.08828125 0.1578125
1 0.70390625 0.9140625 0.0796875 0.16875
1 0.74765625 0.9265625 0.0796875 0.14453125
1 0.68125 0.7578125 0.08046875 0.16875
1 0.7046875 0.7203125 0.08984375 0.18125
1 0.6859375 0.81875 0.075 0.128125
1 0.5953125 0.7359375 0.07421875 0.20859375
1 0.58359375 0.846875 0.0890625 0.17421875
1 0.59609375 0.68125 0.0734375 0.17421875
1 0.5765625 0.6421875 0.06796875 0.17734375
1 0.56484375 0.75546875 0.0640625 0.1515625
1 0.5546875 0.615625 0.05859375 0.15546875
1 0.5484375 0.696875 0.06484375 0.178125
1 0.54375 0.5734375 0.07265625 0.159375
1 0.50234375 0.58125 0.0546875 0.16328125
1 0.7609375 0.628125 0.08203125 0.20546875
1 0.728125 0.6515625 0.08046875 0.19609375
1 0.4703125 0.7359375 0.06484375 0.21015625
1 0.41875 0.7578125 0.06953125 0.22265625
1 0.35625 0.76875 0.04921875 0.17109375
1 0.3828125 0.73828125 0.06640625 0.2015625
1 0.3328125 0.73984375 0.059375 0.2078125
1 0.1484375 0.83671875 0.10390625 0.2359375
1 0.125 0.8625 0.09609375 0.2
1 0.10546875 0.9015625 0.0828125 0.19453125
1 0.1578125 0.6984375 0.07265625 0.20859375
1 0.175 0.6515625 0.06953125 0.19765625
1 0.1734375 0.48828125 0.05 0.1453125
1 0.3390625 0.503125 0.04296875 0.14609375
1 0.38828125 0.540625 0.0640625 0.19765625
1 0.2265625 0.35546875 0.046875 0.1515625
1 0.24375 0.346875 0.046875 0.13046875
1 0.2 0.35859375 0.05234375 0.1453125
1 0.1890625 0.3484375 0.046875 0.128125
1 0.15859375 0.3203125 0.0421875 0.09765625
1 0.1171875 0.3203125 0.05 0.10390625
1 0.1390625 0.32421875 0.05234375 0.1203125
1 0.08125 0.2140625 0.03984375 0.08671875
1 0.02421875 0.36171875 0.0484375 0.1640625
1 0.0390625 0.3484375 0.06796875 0.159375
1 0.16328125 0.6375 0.0765625 0.20546875
