1 0.5671875 0.265625 0.04765625 0.11328125
1 0.590625 0.2578125 0.05 0.11875
1 0.5953125 0.2765625 0.04609375 0.12265625
1 0.609375 0.290625 0.04296875 0.10546875
1 0.621875 0.303125 0.04375 0.10078125
1 0.63515625 0.3125 0.0484375 0.115625
1 0.64765625 0.3078125 0.0390625 0.1
1 0.665625 0.309375 0.03515625 0.115625
1 0.659375 0.25078125 0.046875 0.1453125
1 0.6703125 0.25625 0.046875 0.15390625
1 0.6890625 0.2890625 0.05078125 0.19296875
1 0.6984375 0.29140625 0.04765625 0.1890625
1 0.7203125 0.28984375 0.0375 0.1890625
1 0.7390625 0.2859375 0.04921875 0.146875
1 0.8859375 0.865625 0.11796875 0.25703125
1 0.915625 0.8984375 0.09296875 0.203125
1 0.8015625 0.9234375 0.08671875 0.15234375
1 0.86015625 0.94296875 0.0890625 0.1140625
1 0.728125 0.7171875 0.06328125 0.18203125
1 0.7140625 0.8125 0.06015625 0.15078125
1 0.6765625 0.8265625 0.05234375 0.15546875
1 0.69609375 0.7234375 0.0546875 0.18671875
1 0.66875 0.75625 0.07578125 0.20625
1 0.6546875 0.853125 0.07421875 0.14140625
1 0.61171875 0.878125 0.0765625 0.15390625
1 0.61875 0.7625 0.06640625 0.21640625
1 0.5859375 0.7453125 0.075 0.18359375
1 0.57578125 0.840625 0.0734375 0.15625
1 0.5875 0.690625 0.07109375 0.17734375
1 0.5671875 0.646875 0.06875 0.15859375
1 0.56328125 0.74453125 0.0828125 0.1515625
1 0.53984375 0.7140625 0.0734375 0.17421875
1 0.54609375 0.60625 0.0609375 0.16953125
1 0.5359375 0.5890625 0.06796875 0.15546875
1 0.5328125 0.6671875 0.07421875 0.16015625
1 0.490625 0.590625 0.05546875 0.12890625
1 0.45625 0.7328125 0.071875 0.209375
1 0.45859375 0.6734375 0.0609375 0.19375
1 0.40234375 0.7578125 0.0515625 0.20390625
1 0.34765625 0.7671875 0.0671875 0.21328125
1 0.3140625 0.7359375 0.065625 0.22890625
1 0.271875 0.734375 0.065625 0.225
1 0.24375 0.709375 0.06640625 0.22421875
1 0.2328125 0.671875 0.07890625 0.24140625
1 0.3703125 0.5390625 0.06640625 0.18125
1 0.32421875 0.4953125 0.0640625 0.184375
1 0.128125 0.8234375 0.09375 0.234375
1 0.09609375 0.84921875 0.0859375 0.1953125
1 0.0796875 0.89921875 0.090625 0.1984375
1 0.07578125 0.9546875 0.0828125 0.090625
1 0.05 0.9375 0.09375 0.125
1 0.11953125 0.74375 0.0828125 0.21484375
1 0.14453125 0.696875 0.0703125 0.20078125
1 0.1515625 0.64921875 0.07109375 0.2078125
1 0.1484375 0.6015625 0.07265625 0.20546875
1 0.14296875 0.53671875 0.0609375 0.1953125
1 0.153125 0.4890625 0.059375 0.165625
1 0.14375 0.4390625 0.06015625 0.15625
1 0.20859375 0.3609375 0.0515625 0.15078125
1 0.225 0.34453125 0.053125 0.1484375
1 0.19140625 0.3484375 0.0578125 0.13984375
1 0.1703125 0.340625 0.046875 0.12109375
1 0.1421875 0.32734375 0.0375 0.0765625
1 0.11953125 0.31953125 0.0390625 0.0828125
1 0.1078125 0.31875 0.05078125 0.109375
1 0.0921875 0.3234375 0.04921875 0.12109375
1 0.075 0.3203125 0.040625 0.115625
1 0.13671875 0.27109375 0.0296875 0.0953125
1 0.11953125 0.265625 0.0359375 0.103125
1 0.1015625 0.26875 0.02578125 0.10859375
1 0.08359375 0.265625 0.0296875 0.08046875
1 0.1359375 0.2015625 0.04296875 0.11484375
1 0.1171875 0.20078125 0.03359375 0.1109375
1 0.0953125 0.1984375 0.03203125 0.115625
1 0.0828125 0.20625 0.03359375 0.121875
1 0.06640625 0.209375 0.0390625 0.08828125
