1 0.63359375 0.765625 0.0859375 0.20390625
1 0.61875 0.884375 0.07734375 0.175
1 0.6546875 0.8609375 0.07421875 0.175
1 0.67265625 0.74140625 0.0671875 0.1453125
1 0.68828125 0.8171875 0.0640625 0.15
1 0.7109375 0.821875 0.078125 0.14296875
1 0.7328125 0.7375 0.07890625 0.165625
1 0.89140625 0.8375 0.1203125 0.23046875
1 0.909375 0.89296875 0.10234375 0.2140625
1 0.8140625 0.92265625 0.10625 0.1546875
1 0.5984375 0.7296875 0.078125 0.19765625
1 0.5859375 0.83984375 0.06484375 0.1734375
1 0.571875 0.65625 0.05546875 0.19296875
1 0.571875 0.7359375 0.075 0.196875
1 0.55078125 0.6171875 0.0703125 0.18046875
1 0.55078125 0.69921875 0.0640625 0.1796875
1 0.53984375 0.5796875 0.0671875 0.17890625
1 0.4984375 0.5734375 0.06171875 0.17109375
1 0.465625 0.73203125 0.06875 0.2359375
1 0.4203125 0.7515625 0.078125 0.23203125
1 0.3796875 0.728125 0.06640625 0.22265625
1 0.3625 0.753125 0.08125 0.2375
1 0.33046875 0.734375 0.0671875 0.24375
1 0.290625 0.740625 0.06484375 0.22109375
1 0.2546875 0.7 0.05546875 0.20625
1 0.246875 0.653125 0.06875 0.19375
1 0.3359375 0.5 0.04609375 0.14375
1 0.27265625 0.3515625 0.0515625 0.140625
1 0.29375 0.3375 0.053125 0.13203125
1 0.24453125 0.34140625 0.0484375 0.1515625
1 0.2203125 0.3515625 0.05546875 0.16015625
1 0.19375 0.3546875 0.05859375 0.18125
1 0.1578125 0.6875 0.08359375 0.21171875
1 0.1765625 0.6546875 0.08046875 0.22421875
1 0.146875 0.8265625 0.084375 0.2
1 0.1203125 0.8546875 0.09453125 0.20078125
1 0.1 0.8953125 0.09921875 0.15390625
1 0.07578125 0.9328125 0.0890625 0.13359375
1 0.11328125 0.309375 0.0578125 0.15625
1 0.1671875 0.4828125 0.05625 0.15625
1 0.1625 0.534375 0.06875 0.140625
