1 0.70078125 0.45625 0.0453125 0.26875
1 0.7390625 0.4546875 0.046875 0.27109375
1 0.7703125 0.4390625 0.03828125 0.25390625
1 0.80625 0.3890625 0.034375 0.16796875
1 0.9421875 0.53125 0.11328125 0.26171875
1 0.94375 0.61953125 0.1125 0.2796875
1 0.96796875 0.821875 0.0640625 0.315625
1 0.1765625 0.7109375 0.15234375 0.5625
1 0.2796875 0.690625 0.14765625 0.58515625
1 0.3453125 0.69296875 0.10390625 0.5953125
1 0.4109375 0.6484375 0.09375 0.53828125
1 0.44375 0.615625 0.06796875 0.48828125
1 0.50703125 0.565625 0.0484375 0.38203125
1 0.47578125 0.5875 0.0640625 0.41796875
1 0.534375 0.5328125 0.05234375 0.34921875
1 0.83359375 0.78125 0.2984375 0.41796875
1 0.8078125 0.6578125 0.22265625 0.371875
1 0.80625 0.5203125 0.13671875 0.19453125
1 0.6171875 0.44765625 0.03125 0.2328125
