1 0.6875 0.7015625 0.065625 0.3375
1 0.7390625 0.69765625 0.0625 0.3515625
1 0.790625 0.7140625 0.07265625 0.40078125
1 0.84609375 0.703125 0.0734375 0.39453125
1 0.32265625 0.72109375 0.0515625 0.2515625
1 0.2109375 0.6828125 0.053125 0.19921875
1 0.4046875 0.7203125 0.0625 0.27734375
1 0.98359375 0.7421875 0.0328125 0.39453125
1 0.065625 0.634375 0.02265625 0.12265625
1 0.09140625 0.6390625 0.0265625 0.11953125
1 0.1140625 0.6359375 0.021875 0.11953125
1 0.27578125 0.72109375 0.0328125 0.2296875
1 0.1328125 0.6390625 0.01953125 0.11640625
1 0.359375 0.7109375 0.03828125 0.25078125
1 0.25625 0.6890625 0.03125 0.2125
1 0.18125 0.6765625 0.02578125 0.19140625
1 0.43984375 0.725 0.0265625 0.26796875
1 0.48671875 0.7046875 0.0453125 0.25390625
1 0.9234375 0.68125 0.06328125 0.33203125
