1 0.71875 0.6125 0.05625 0.23359375
1 0.8 0.609375 0.04609375 0.21953125
1 0.8375 0.6125 0.03984375 0.20078125
1 0.89140625 0.621875 0.0546875 0.22890625
1 0.7125 0.78828125 0.05703125 0.0546875
1 0.109375 0.915625 0.06328125 0.16640625
1 0.921875 0.9015625 0.09140625 0.08984375
1 0.2484375 0.6625 0.2875 0.25703125
1 0.184375 0.465625 0.04453125 0.06953125
1 0.2125 0.9203125 0.09609375 0.10625
1 0.51640625 0.7640625 0.0453125 0.06484375
1 0.1421875 0.4890625 0.06328125 0.07890625
1 0.3078125 0.8296875 0.08203125 0.09453125
1 0.39375 0.7671875 0.046875 0.0625
