1 0.4625 0.7671875 0.05703125 0.44921875
1 0.56015625 0.71875 0.0390625 0.37890625
1 0.8953125 0.5609375 0.03125 0.16015625
1 0.40859375 0.75859375 0.0578125 0.4328125
1 0.61171875 0.69453125 0.0421875 0.3421875
1 0.7859375 0.575 0.03359375 0.18984375
1 0.49375 0.75625 0.046875 0.41640625
1 0.528125 0.7234375 0.04296875 0.3875
1 0.5828125 0.7078125 0.04140625 0.36953125
1 0.6296875 0.684375 0.03515625 0.33203125
1 0.6515625 0.678125 0.03515625 0.32109375
1 0.6734375 0.6609375 0.034375 0.296875
1 0.31328125 0.61875 0.0328125 0.23984375
1 0.6921875 0.6625 0.02578125 0.325
1 0.7078125 0.6546875 0.02734375 0.29140625
1 0.73125 0.65 0.03125 0.29375
1 0.3578125 0.5734375 0.03515625 0.14765625
1 0.7375 0.5890625 0.02578125 0.19765625
1 0.86875 0.55 0.02734375 0.16484375
1 0.9859375 0.534375 0.01953125 0.11328125
1 0.33125 0.6171875 0.02578125 0.21171875
