1 0.2390625 0.721875 0.42421875 0.18359375
1 0.5203125 0.42578125 0.07265625 0.5203125
1 0.584375 0.421875 0.07109375 0.51953125
1 0.9203125 0.4015625 0.14453125 0.50390625
1 0.1890625 0.4109375 0.11328125 0.38046875
1 0.1296875 0.4 0.096875 0.33671875
1 0.3703125 0.796875 0.44140625 0.203125
1 0.290625 0.56875 0.1125 0.15625
1 0.73828125 0.80703125 0.0953125 0.3859375
1 0.96171875 0.475 0.0765625 0.41875
1 0.3703125 0.4859375 0.090625 0.17890625
1 0.4109375 0.503125 0.12890625 0.184375
1 0.45 0.5390625 0.078125 0.18359375
1 0.6515625 0.56875 0.07109375 0.11328125
1 0.09375 0.4015625 0.09765625 0.33359375
1 0.6359375 0.7921875 0.10078125 0.41328125
1 0.8390625 0.8234375 0.16640625 0.35078125
1 0.9234375 0.84453125 0.153125 0.3109375
1 0.11484375 0.675 0.2296875 0.20625
1 0.08984375 0.62890625 0.1796875 0.1421875
1 0.97109375 0.8234375 0.0578125 0.1625
1 0.278125 0.4609375 0.10390625 0.090625
