1 0.415625 0.6234375 0.02734375 0.13515625
1 0.0984375 0.684375 0.05390625 0.17578125
1 0.1484375 0.6765625 0.05078125 0.18359375
1 0.190625 0.675 0.05234375 0.17890625
1 0.0734375 0.628125 0.02109375 0.07578125
1 0.05078125 0.64375 0.0234375 0.1125
1 0.6296875 0.65859375 0.03359375 0.1921875
1 0.5890625 0.8875 0.03046875 0.13046875
1 0.6078125 0.884375 0.021875 0.109375
1 0.61875 0.8765625 0.02265625 0.10078125
1 0.659375 0.659375 0.03828125 0.18984375
1 0.6890625 0.665625 0.040625 0.203125
1 0.72265625 0.67421875 0.0421875 0.2015625
1 0.7546875 0.67109375 0.0375 0.2234375
1 0.7875 0.67734375 0.05078125 0.2359375
1 0.83046875 0.684375 0.0546875 0.24375
1 0.8765625 0.6984375 0.05703125 0.25703125
1 0.92421875 0.703125 0.0609375 0.27109375
1 0.97265625 0.7078125 0.0546875 0.28671875
1 0.5015625 0.625 0.021875 0.109375
1 0.4859375 0.61875 0.025 0.12265625
1 0.4703125 0.6234375 0.021875 0.12421875
1 0.4546875 0.621875 0.01953125 0.12890625
1 0.4359375 0.62421875 0.02265625 0.1359375
1 0.39921875 0.61953125 0.0203125 0.1296875
1 0.3859375 0.6171875 0.01796875 0.125
1 0.359375 0.6109375 0.01796875 0.11796875
1 0.3484375 0.60859375 0.01640625 0.1171875
