1 0.5109375 0.146875 0.059375 0.11953125
1 0.4671875 0.196875 0.053125 0.15625
1 0.4234375 0.2015625 0.059375 0.13125
1 0.503125 0.228125 0.05625 0.06015625
1 0.54921875 0.2203125 0.0546875 0.07421875
1 0.55 0.1359375 0.053125 0.10078125
1 0.58671875 0.14140625 0.0515625 0.0953125
1 0.5921875 0.221875 0.040625 0.065625
1 0.6234375 0.1109375 0.07421875 0.134375
1 0.6578125 0.1 0.08046875 0.10546875
1 0.709375 0.1 0.084375 0.10859375
1 0.63203125 0.2125 0.0453125 0.075
1 0.6640625 0.1765625 0.05078125 0.0625
1 0.69921875 0.16953125 0.0515625 0.0828125
1 0.74921875 0.1765625 0.0703125 0.06640625
1 0.8125 0.1703125 0.1625 0.13671875
