1 0.1125 0.6828125 0.0625 0.36640625
1 0.16875 0.68515625 0.05859375 0.3734375
1 0.21875 0.6921875 0.07109375 0.38671875
1 0.278125 0.678125 0.065625 0.36484375
1 0.47890625 0.725 0.0796875 0.40078125
1 0.43125 0.703125 0.0625 0.409375
1 0.02109375 0.67109375 0.0421875 0.2765625
1 0.53671875 0.7046875 0.0640625 0.37109375
1 0.5734375 0.69921875 0.0625 0.3453125
1 0.5953125 0.68515625 0.05390625 0.3390625
1 0.3578125 0.6609375 0.059375 0.34296875
1 0.6296875 0.6765625 0.05234375 0.33125
1 0.6453125 0.66484375 0.04453125 0.3203125
1 0.6703125 0.6546875 0.040625 0.30625
1 0.68125 0.646875 0.03515625 0.29609375
1 0.30546875 0.65546875 0.0515625 0.3296875
