1 0.2359375 0.60625 0.16171875 0.659375
1 0.47734375 0.79765625 0.2046875 0.4046875
1 0.42890625 0.50625 0.1234375 0.46015625
1 0.328125 0.4703125 0.11484375 0.753125
1 0.596875 0.48046875 0.11484375 0.4703125
1 0.46875 0.4578125 0.10078125 0.403125
1 0.22265625 0.19765625 0.1078125 0.3109375
1 0.228125 0.30859375 0.1125 0.1265625
1 0.2890625 0.1421875 0.05703125 0.17890625
1 0.42734375 0.2125 0.0953125 0.26171875
1 0.5125 0.3765625 0.09375 0.60625
1 0.60625 0.1828125 0.08203125 0.234375
1 0.3640625 0.15625 0.059375 0.175
