1 0.5359375 0.72265625 0.20625 0.5546875
1 0.35859375 0.7453125 0.2234375 0.50703125
1 0.140625 0.6453125 0.15390625 0.365625
1 0.1640625 0.30625 0.14609375 0.33984375
1 0.8296875 0.4734375 0.10859375 0.28515625
1 0.66796875 0.6703125 0.1421875 0.37421875
1 0.5234375 0.3546875 0.11953125 0.24140625
1 0.25078125 0.20625 0.1078125 0.25703125
1 0.27890625 0.4171875 0.0984375 0.15703125
1 0.403125 0.190625 0.0625 0.240625
1 0.31953125 0.1421875 0.0515625 0.2125
1 0.73828125 0.3625 0.0921875 0.38046875
1 0.825 0.26875 0.09453125 0.16796875
1 0.6390625 0.23125 0.10546875 0.16953125
1 0.41875 0.3578125 0.10390625 0.13515625
1 0.4015625 0.48359375 0.1375 0.1171875
1 0.6484375 0.45703125 0.134375 0.1234375
1 0.6734375 0.43125 0.103125 0.26953125
1 0.5484375 0.22109375 0.084375 0.1109375
