1 0.871875 0.61640625 0.12890625 0.5265625
1 0.8109375 0.784375 0.12734375 0.396875
1 0.71875 0.746875 0.13203125 0.390625
1 0.6609375 0.7203125 0.12421875 0.36640625
1 0.57890625 0.71171875 0.1109375 0.3421875
1 0.5296875 0.6859375 0.10234375 0.34296875
1 0.45546875 0.7 0.1140625 0.32265625
1 0.3921875 0.6890625 0.09921875 0.34375
1 0.35 0.6796875 0.10078125 0.31484375
1 0.278125 0.66328125 0.10234375 0.3015625
1 0.175 0.5765625 0.08046875 0.24375
1 0.12265625 0.60703125 0.0984375 0.2515625
1 0.0703125 0.61953125 0.09140625 0.2484375
1 0.0296875 0.61640625 0.059375 0.2390625
1 0.0484375 0.8640625 0.096875 0.271875
