1 0.8578125 0.6609375 0.025 0.13359375
1 0.8640625 0.66171875 0.01796875 0.1328125
1 0.9078125 0.66875 0.01953125 0.12265625
1 0.890625 0.665625 0.009375 0.13671875
1 0.56015625 0.659375 0.0140625 0.08515625
1 0.8796875 0.66328125 0.01875 0.1328125
1 0.92265625 0.6703125 0.0140625 0.12734375
1 0.9890625 0.66875 0.01953125 0.13984375
1 0.9328125 0.67109375 0.015625 0.1296875
1 0.95 0.6609375 0.021875 0.15234375
1 0.9578125 0.675 0.015625 0.13125
1 0.9734375 0.6734375 0.015625 0.1375
1 0.596875 0.6359375 0.02109375 0.05625
