1 0.85625 0.97109375 0.08515625 0.0578125
1 0.75 0.94765625 0.071875 0.1046875
1 0.7109375 0.93359375 0.0625 0.1328125
1 0.634375 0.9359375 0.06484375 0.12734375
1 0.3546875 0.9015625 0.05390625 0.196875
1 0.57265625 0.8625 0.0484375 0.2
1 0.5328125 0.8734375 0.04609375 0.16796875
1 0.5953125 0.8421875 0.04140625 0.15078125
1 0.56953125 0.7203125 0.0359375 0.12890625
1 0.5390625 0.7234375 0.03515625 0.12109375
1 0.428125 0.82421875 0.05703125 0.2828125
1 0.384375 0.83046875 0.059375 0.2921875
1 0.334375 0.84453125 0.06171875 0.3015625
1 0.49609375 0.83125 0.0546875 0.16171875
1 0.05859375 0.925 0.1171875 0.15
1 0.078125 0.9015625 0.1125 0.196875
1 0.1015625 0.8921875 0.096875 0.21484375
1 0.1265625 0.8828125 0.06953125 0.23203125
1 0.15703125 0.8640625 0.0796875 0.271875
