1 0.7359375 0.84921875 0.09765625 0.2578125
1 0.6875 0.7234375 0.175 0.11171875
1 0.621875 0.56484375 0.04296875 0.2078125
1 0.5515625 0.6390625 0.07734375 0.53515625
1 0.27734375 0.61875 0.0546875 0.43984375
1 0.33359375 0.63984375 0.0609375 0.4265625
1 0.3734375 0.6125 0.04609375 0.40546875
1 0.4765625 0.6328125 0.059375 0.51875
1 0.18046875 0.61015625 0.0609375 0.4078125
1 0.2140625 0.6015625 0.05859375 0.37265625
1 0.13671875 0.6140625 0.0578125 0.38671875
1 0.1015625 0.5984375 0.040625 0.33046875
1 0.02109375 0.6046875 0.0421875 0.34140625
1 0.671875 0.61796875 0.05390625 0.0484375
1 0.69296875 0.63125 0.0140625 0.040625
1 0.7015625 0.69609375 0.1375 0.0546875
1 0.0625 0.6078125 0.04296875 0.35234375
