1 0.35625 0.48671875 0.06875 0.2015625
1 0.38671875 0.471875 0.0640625 0.19296875
1 0.41796875 0.4546875 0.0578125 0.18359375
1 0.434375 0.47890625 0.065625 0.1828125
1 0.48125 0.48046875 0.08828125 0.1828125
1 0.5015625 0.51171875 0.08515625 0.1890625
1 0.5359375 0.5328125 0.06640625 0.19765625
1 0.5640625 0.5609375 0.08359375 0.17265625
1 0.578125 0.621875 0.075 0.19921875
1 0.60625 0.65 0.06796875 0.19765625
1 0.64453125 0.671875 0.0828125 0.2125
1 0.6765625 0.703125 0.10078125 0.22890625
1 0.7140625 0.753125 0.075 0.18984375
1 0.328125 0.365625 0.059375 0.15703125
1 0.2515625 0.334375 0.059375 0.15390625
1 0.1015625 0.934375 0.13125 0.12890625
1 0.275 0.3140625 0.059375 0.16640625
1 0.2921875 0.3375 0.05546875 0.16171875
1 0.30859375 0.353125 0.0515625 0.178125
1 0.3484375 0.3484375 0.06015625 0.17578125
1 0.371875 0.34296875 0.05703125 0.1703125
1 0.3953125 0.32890625 0.05859375 0.1453125
1 0.41875 0.32578125 0.06015625 0.1578125
1 0.4390625 0.31875 0.05703125 0.15703125
1 0.459375 0.3078125 0.04296875 0.16796875
1 0.4765625 0.278125 0.040625 0.13671875
1 0.4609375 0.2078125 0.05234375 0.15390625
1 0.484375 0.21875 0.05390625 0.13984375
1 0.496875 0.2265625 0.053125 0.13984375
1 0.5109375 0.23203125 0.05546875 0.1390625
1 0.528125 0.24609375 0.04453125 0.1421875
1 0.5484375 0.2609375 0.06796875 0.14375
1 0.5671875 0.2765625 0.06640625 0.13046875
1 0.58515625 0.2859375 0.0734375 0.13203125
1 0.60703125 0.2921875 0.0734375 0.125
1 0.6359375 0.3109375 0.08984375 0.12109375
1 0.6546875 0.315625 0.06328125 0.11015625
1 0.66796875 0.3375 0.0828125 0.125
1 0.68828125 0.3578125 0.0859375 0.12421875
1 0.7046875 0.3765625 0.09296875 0.11640625
1 0.734375 0.375 0.071875 0.07734375
1 0.75703125 0.41796875 0.0734375 0.1140625
1 0.775 0.428125 0.08984375 0.12421875
1 0.8015625 0.45546875 0.078125 0.1390625
1 0.82421875 0.4875 0.0796875 0.14296875
1 0.85234375 0.5 0.0796875 0.12421875
1 0.89609375 0.3671875 0.0765625 0.10078125
1 0.90859375 0.384375 0.0703125 0.09765625
1 0.9375 0.40703125 0.065625 0.0984375
1 0.953125 0.4234375 0.07265625 0.10390625
1 0.9703125 0.43984375 0.059375 0.0890625
1 0.94296875 0.57421875 0.0578125 0.0890625
1 0.909375 0.56484375 0.0625 0.1109375
1 0.8921875 0.5390625 0.05703125 0.13203125
1 0.8703125 0.521875 0.07109375 0.13515625
1 0.7421875 0.73125 0.06796875 0.23125
1 0.75546875 0.6875 0.0859375 0.215625
1 0.7578125 0.684375 0.078125 0.21875
1 0.775 0.6421875 0.07421875 0.17109375
1 0.78125 0.628125 0.09765625 0.203125
