1 0.4125 0.65546875 0.028125 0.0765625
1 0.3828125 0.65 0.028125 0.078125
1 0.43828125 0.65390625 0.0234375 0.0734375
1 0.45625 0.6546875 0.02265625 0.06171875
1 0.475 0.6484375 0.025 0.06875
1 0.4921875 0.646875 0.02421875 0.06875
1 0.36015625 0.65 0.0234375 0.07734375
1 0.3375 0.646875 0.02421875 0.075
1 0.3171875 0.64375 0.02421875 0.075
1 0.296875 0.6421875 0.025 0.071875
1 0.271875 0.6421875 0.02578125 0.075
1 0.2515625 0.6390625 0.02265625 0.07265625
1 0.234375 0.6375 0.021875 0.07421875
1 0.2171875 0.6375 0.01875 0.07421875
1 0.1984375 0.6375 0.021875 0.07265625
1 0.17734375 0.6375 0.0203125 0.06953125
1 0.1609375 0.634375 0.01640625 0.065625
1 0.1609375 0.69609375 0.015625 0.0546875
1 0.1765625 0.7 0.01953125 0.05859375
1 0.19609375 0.7015625 0.0234375 0.059375
1 0.215625 0.703125 0.02109375 0.05546875
1 0.2328125 0.7046875 0.01953125 0.059375
1 0.2515625 0.70625 0.01640625 0.05859375
