1 0.24375 0.65078125 0.121875 0.2734375
1 0.446875 0.3328125 0.08046875 0.4
1 0.3484375 0.4078125 0.08203125 0.33046875
1 0.4015625 0.334375 0.06875 0.40859375
1 0.8125 0.5890625 0.0875 0.184375
1 0.7359375 0.553125 0.09453125 0.184375
1 0.659375 0.528125 0.08046875 0.17109375
1 0.71484375 0.46484375 0.0765625 0.0828125
1 0.66796875 0.4328125 0.0578125 0.06171875
1 0.6140625 0.4515625 0.07578125 0.22421875
1 0.803125 0.1921875 0.053125 0.17734375
1 0.44140625 0.7109375 0.1109375 0.22265625
1 0.340625 0.7296875 0.11328125 0.209375
1 0.52734375 0.61015625 0.0734375 0.1859375
1 0.465625 0.534375 0.06015625 0.08515625
1 0.4046875 0.5640625 0.06640625 0.084375
1 0.4671875 0.6328125 0.07890625 0.16328125
1 0.4921875 0.31875 0.059375 0.40859375
1 0.52109375 0.325 0.0765625 0.39375
