1 0.903125 0.59375 0.021875 0.17265625
1 0.95625 0.5015625 0.01796875 0.09375
1 0.971875 0.50859375 0.015625 0.0859375
1 0.46875 0.51953125 0.02578125 0.1421875
1 0.490625 0.5203125 0.02109375 0.14609375
1 0.509375 0.51875 0.02265625 0.14453125
1 0.525 0.5328125 0.021875 0.11484375
1 0.5421875 0.51875 0.02421875 0.14296875
1 0.559375 0.5296875 0.02109375 0.11328125
1 0.5703125 0.5171875 0.02265625 0.13984375
1 0.234375 0.546875 0.02109375 0.06953125
1 0.24375 0.56171875 0.0125 0.0609375
1 0.253125 0.55234375 0.01875 0.0765625
1 0.26875 0.5484375 0.01875 0.07890625
1 0.2828125 0.51953125 0.021875 0.1453125
1 0.0265625 0.52890625 0.02265625 0.1890625
1 0.0421875 0.5328125 0.021875 0.12109375
1 0.0609375 0.5328125 0.025 0.12421875
1 0.0828125 0.52109375 0.02265625 0.1234375
1 0.1015625 0.51875 0.021875 0.12265625
1 0.175 0.509375 0.01953125 0.09453125
1 0.1875 0.509375 0.01875 0.09375
1 0.2046875 0.51328125 0.01953125 0.0984375
1 0.221875 0.5125 0.01796875 0.09375
