1 0.7359375 0.8984375 0.46015625 0.20234375
1 0.80234375 0.8609375 0.3953125 0.2125
1 0.86640625 0.7984375 0.2671875 0.14375
1 0.14296875 0.809375 0.0671875 0.35703125
1 0.26328125 0.65 0.0453125 0.184375
1 0.8859375 0.7359375 0.228125 0.05234375
1 0.90390625 0.7046875 0.1921875 0.040625
1 0.1890625 0.7625 0.05234375 0.39765625
1 0.1140625 0.7578125 0.05234375 0.37109375
1 0.6015625 0.7171875 0.134375 0.13828125
1 0.290625 0.6515625 0.03125 0.165625
1 0.3109375 0.6453125 0.03203125 0.15234375
1 0.33203125 0.6484375 0.0265625 0.14921875
1 0.3484375 0.64375 0.03203125 0.146875
1 0.371875 0.63828125 0.02421875 0.1484375
