1 0.6296875 0.52265625 0.01875 0.0703125
1 0.6328125 0.5234375 0.01875 0.07109375
1 0.6375 0.5234375 0.015625 0.071875
1 0.6421875 0.52265625 0.015625 0.0671875
1 0.646875 0.521875 0.01796875 0.065625
1 0.65 0.5234375 0.01796875 0.06640625
1 0.6546875 0.52265625 0.01796875 0.0671875
1 0.659375 0.525 0.01640625 0.06171875
1 0.66875 0.5328125 0.015625 0.04140625
1 0.6796875 0.534375 0.01640625 0.03671875
1 0.7 0.525 0.015625 0.0625
1 0.69296875 0.525 0.0140625 0.06015625
1 0.6859375 0.5234375 0.01484375 0.06640625
1 0.55859375 0.5125 0.0203125 0.0375
1 0.55703125 0.54375 0.0203125 0.034375
1 0.5703125 0.51171875 0.01875 0.0359375
1 0.56953125 0.54375 0.0171875 0.03359375
1 0.5796875 0.5109375 0.01640625 0.0375
1 0.5796875 0.5421875 0.01796875 0.03515625
1 0.5890625 0.54453125 0.01484375 0.0328125
1 0.5890625 0.5140625 0.015625 0.0375
1 0.5953125 0.5125 0.01328125 0.03515625
1 0.596875 0.54375 0.01328125 0.03125
1 0.6015625 0.5140625 0.0125 0.03359375
1 0.603125 0.54375 0.01484375 0.0375
1 0.60625 0.5140625 0.01484375 0.034375
1 0.60625 0.5421875 0.01328125 0.03359375
1 0.6125 0.5125 0.01328125 0.03515625
1 0.6125 0.5421875 0.01328125 0.03046875
1 0.54453125 0.5140625 0.0234375 0.034375
1 0.54453125 0.54296875 0.0203125 0.0296875
1 0.53046875 0.54375 0.0171875 0.03203125
1 0.53125 0.51484375 0.02109375 0.0359375
1 0.51953125 0.5421875 0.0171875 0.02734375
1 0.51875 0.515625 0.01484375 0.03671875
1 0.5109375 0.515625 0.01796875 0.03125
1 0.5109375 0.54296875 0.01640625 0.0265625
1 0.50390625 0.54453125 0.0171875 0.0265625
1 0.503125 0.5140625 0.01953125 0.034375
1 0.496875 0.51484375 0.021875 0.0359375
1 0.49453125 0.54296875 0.0203125 0.0296875
1 0.4890625 0.5140625 0.015625 0.0375
1 0.4859375 0.54375 0.01484375 0.028125
1 0.48046875 0.515625 0.0171875 0.034375
1 0.47890625 0.54375 0.0109375 0.02734375
