1 0.0109375 0.44765625 0.021875 0.1015625
1 0.3578125 0.765625 0.10703125 0.45390625
1 0.4578125 0.765625 0.08125 0.46875
1 0.5328125 0.74296875 0.071875 0.4546875
1 0.61640625 0.73828125 0.0765625 0.4578125
1 0.6765625 0.72734375 0.06875 0.4421875
1 0.74375 0.71484375 0.0625 0.4046875
1 0.82734375 0.6796875 0.0671875 0.38125
1 0.88359375 0.66328125 0.0671875 0.3609375
1 0.12265625 0.4453125 0.0296875 0.10234375
1 0.0921875 0.4453125 0.025 0.09765625
1 0.0640625 0.44765625 0.02890625 0.1015625
1 0.0375 0.4453125 0.028125 0.10546875
1 0.18828125 0.44453125 0.0296875 0.0953125
1 0.259375 0.63125 0.04375 0.25234375
1 0.97578125 0.70234375 0.0484375 0.1390625
