1 0.0671875 0.51875 0.078125 0.34765625
1 0.09375 0.53515625 0.0875 0.3703125
1 0.0171875 0.734375 0.034375 0.221875
1 0.159375 0.8546875 0.134375 0.28984375
1 0.209375 0.61328125 0.08046875 0.1546875
1 0.0890625 0.55859375 0.178125 0.1546875
1 0.45625 0.75234375 0.09375 0.2328125
1 0.8625 0.634375 0.13203125 0.38125
1 0.496875 0.4953125 0.065625 0.234375
1 0.3703125 0.5375 0.17265625 0.05234375
1 0.54296875 0.48984375 0.0734375 0.2640625
1 0.58828125 0.46953125 0.0546875 0.2359375
1 0.74375 0.4375 0.05546875 0.18671875
1 0.7203125 0.8234375 0.35390625 0.24453125
1 0.37421875 0.678125 0.2328125 0.16328125
1 0.71875 0.58515625 0.190625 0.1203125
1 0.603125 0.615625 0.175 0.12890625
1 0.3265625 0.5953125 0.17578125 0.12421875
1 0.76171875 0.565625 0.1578125 0.08828125
1 0.4234375 0.571875 0.08828125 0.09296875
1 0.5484375 0.7 0.090625 0.20234375
1 0.5625 0.55078125 0.07421875 0.0390625
