1 0.6765625 0.73125 0.03984375 0.15390625
1 0.6875 0.72734375 0.04296875 0.1484375
1 0.703125 0.7234375 0.03359375 0.146875
1 0.7140625 0.7234375 0.03046875 0.14140625
1 0.721875 0.72109375 0.02734375 0.1453125
1 0.72890625 0.72421875 0.0296875 0.1296875
1 0.73671875 0.721875 0.0265625 0.12578125
1 0.746875 0.7453125 0.02421875 0.08359375
1 0.7515625 0.74609375 0.02109375 0.0828125
1 0.759375 0.74375 0.02265625 0.07890625
1 0.76484375 0.7453125 0.0203125 0.07578125
1 0.771875 0.7453125 0.02109375 0.071875
1 0.76875 0.72265625 0.03671875 0.1140625
1 0.7703125 0.72578125 0.03203125 0.1171875
1 0.7796875 0.7265625 0.02734375 0.10625
1 0.79140625 0.725 0.0296875 0.10390625
1 0.5109375 0.7125 0.04375 0.09296875
1 0.5171875 0.784375 0.04609375 0.09609375
1 0.53046875 0.78359375 0.0359375 0.0921875
1 0.52734375 0.709375 0.0359375 0.09609375
1 0.55078125 0.71328125 0.0390625 0.0828125
1 0.553125 0.78203125 0.03984375 0.0890625
1 0.5734375 0.7796875 0.03046875 0.08515625
1 0.5875 0.778125 0.02421875 0.078125
1 0.60390625 0.77578125 0.0265625 0.0765625
1 0.6171875 0.77265625 0.02421875 0.0734375
1 0.628125 0.7703125 0.025 0.075
1 0.63828125 0.771875 0.0265625 0.06953125
1 0.653125 0.76875 0.02421875 0.06796875
1 0.646875 0.7109375 0.02578125 0.065625
1 0.634375 0.709375 0.02421875 0.07265625
1 0.6203125 0.7109375 0.02265625 0.07578125
1 0.6078125 0.7125 0.02578125 0.07421875
1 0.596875 0.715625 0.03125 0.07734375
1 0.58515625 0.7109375 0.0234375 0.08046875
1 0.56796875 0.709375 0.0296875 0.08671875
1 0.4796875 0.79375 0.03984375 0.09375
1 0.4765625 0.71171875 0.04609375 0.1015625
1 0.46015625 0.79375 0.0453125 0.09765625
1 0.45625 0.715625 0.04296875 0.103125
1 0.440625 0.79296875 0.0375 0.0859375
1 0.4359375 0.7234375 0.0375 0.09609375
1 0.4171875 0.728125 0.0375 0.07890625
1 0.41875 0.79140625 0.03828125 0.0796875
1 0.39921875 0.73515625 0.0359375 0.0765625
1 0.40078125 0.79375 0.0359375 0.06484375
1 0.38125 0.79453125 0.03046875 0.0703125
1 0.36875 0.7953125 0.03046875 0.06640625
1 0.35 0.7953125 0.03515625 0.06328125
1 0.3796875 0.73125 0.028125 0.07890625
1 0.3640625 0.73125 0.03203125 0.08515625
1 0.3515625 0.7328125 0.03515625 0.07734375
