1 0.3796875 0.5 0.053125 0.17109375
1 0.590625 0.6359375 0.05703125 0.17578125
1 0.62578125 0.6609375 0.0609375 0.18125
1 0.659375 0.6921875 0.06796875 0.17578125
1 0.69296875 0.7296875 0.0765625 0.16796875
1 0.72578125 0.76640625 0.0796875 0.1859375
1 0.4546875 0.5046875 0.02734375 0.175
1 0.4890625 0.51171875 0.04921875 0.1484375
1 0.5171875 0.52109375 0.05625 0.1484375
1 0.340625 0.3828125 0.04296875 0.13828125
1 0.3046875 0.353125 0.034375 0.11796875
1 0.26796875 0.33828125 0.0390625 0.1296875
1 0.3734375 0.37578125 0.03203125 0.1484375
1 0.4078125 0.490625 0.03359375 0.15390625
1 0.4328125 0.33515625 0.03359375 0.0890625
1 0.471875 0.3171875 0.028125 0.10859375
1 0.55 0.55 0.046875 0.14453125
1 0.5828125 0.578125 0.05234375 0.1375
1 0.94609375 0.421875 0.0296875 0.096875
1 0.96953125 0.4453125 0.0453125 0.08359375
1 0.98125 0.4609375 0.03671875 0.06640625
1 0.9265625 0.40625 0.03828125 0.08359375
1 0.54765625 0.2546875 0.0484375 0.1125
1 0.53515625 0.24375 0.0484375 0.09765625
1 0.11484375 0.959375 0.0765625 0.08125
