1 0.41015625 0.86015625 0.0578125 0.2796875
1 0.46015625 0.853125 0.0578125 0.29296875
1 0.50859375 0.796875 0.0453125 0.16640625
1 0.55546875 0.7859375 0.0421875 0.17578125
1 0.58671875 0.7953125 0.0421875 0.18203125
1 0.55 0.7015625 0.04296875 0.1
1 0.51171875 0.71953125 0.0515625 0.1046875
1 0.7484375 0.78359375 0.04140625 0.2515625
1 0.78125 0.82890625 0.05390625 0.3421875
1 0.83515625 0.84140625 0.0546875 0.3171875
1 0.3078125 0.94140625 0.05625 0.1171875
1 0.3609375 0.93125 0.05625 0.1375
1 0.25390625 0.903125 0.0546875 0.19375
1 0.2125 0.86328125 0.065625 0.2734375
1 0.19296875 0.84453125 0.0640625 0.3109375
1 0.1375 0.81875 0.07734375 0.26328125
1 0.08125 0.78125 0.053125 0.17890625
1 0.0359375 0.79296875 0.065625 0.2078125
1 0.0828125 0.921875 0.1125 0.14921875
1 0.86875 0.846875 0.034375 0.30390625
