1 0.6328125 0.73671875 0.06171875 0.0984375
1 0.621875 0.6484375 0.046875 0.08359375
1 0.5890625 0.7375 0.05546875 0.06875
1 0.53359375 0.74140625 0.0421875 0.0890625
1 0.50859375 0.74140625 0.0328125 0.0890625
1 0.478125 0.74296875 0.03515625 0.0859375
1 0.44296875 0.7515625 0.0328125 0.10390625
1 0.41484375 0.74609375 0.0578125 0.1015625
1 0.384375 0.76875 0.0625 0.07734375
1 0.35546875 0.75625 0.0515625 0.07734375
1 0.3234375 0.7578125 0.06640625 0.11328125
1 0.271875 0.74765625 0.03359375 0.0859375
1 0.240625 0.74453125 0.04140625 0.0921875
1 0.240625 0.6609375 0.04140625 0.09140625
1 0.278125 0.6609375 0.03515625 0.090625
1 0.3171875 0.6734375 0.04375 0.07109375
1 0.346875 0.68359375 0.05 0.0921875
1 0.365625 0.68671875 0.04609375 0.0921875
1 0.4046875 0.665625 0.03359375 0.07421875
1 0.4375 0.6625 0.04453125 0.103125
1 0.47421875 0.65546875 0.0546875 0.0953125
1 0.5953125 0.64609375 0.02421875 0.0953125
1 0.565625 0.6515625 0.04765625 0.10703125
1 0.5453125 0.65 0.03046875 0.07421875
1 0.5109375 0.6671875 0.04140625 0.07109375
