1 0.40859375 0.853125 0.3265625 0.29140625
1 0.5421875 0.4578125 0.13828125 0.30234375
1 0.51328125 0.1421875 0.1671875 0.284375
1 0.31875 0.140625 0.18203125 0.28125
1 0.37109375 0.41953125 0.1484375 0.3296875
1 0.19375 0.42265625 0.14375 0.2390625
1 0.2609375 0.3625 0.09765625 0.23203125
1 0.2296875 0.1234375 0.09765625 0.23515625
1 0.13203125 0.1578125 0.1453125 0.30390625
1 0.0484375 0.1640625 0.09609375 0.32734375
1 0.08828125 0.4359375 0.1109375 0.25703125
1 0.0515625 0.55234375 0.10234375 0.3171875
1 0.0875 0.8015625 0.175 0.31484375
1 0.15625 0.6796875 0.1375 0.25234375
1 0.24140625 0.6265625 0.1328125 0.23515625
1 0.3265625 0.61875 0.10234375 0.225
1 0.56875 0.7515625 0.10703125 0.26171875
