1 0.715625 0.7625 0.06953125 0.18125
1 0.684375 0.7234375 0.07109375 0.1875
1 0.6484375 0.690625 0.06328125 0.18984375
1 0.61328125 0.6625 0.0609375 0.190625
1 0.58125 0.63359375 0.06171875 0.1703125
1 0.5703125 0.575 0.06015625 0.14375
1 0.87109375 0.5359375 0.0453125 0.125
1 0.3328125 0.3578125 0.03984375 0.096875
1 0.3578125 0.35859375 0.02109375 0.0859375
1 0.3765625 0.35390625 0.025 0.0953125
1 0.3984375 0.35 0.02421875 0.09453125
1 0.42265625 0.33515625 0.0265625 0.0828125
1 0.2546875 0.3421875 0.03125 0.115625
1 0.2875 0.3453125 0.02109375 0.109375
1 0.30546875 0.35 0.0203125 0.09765625
1 0.53828125 0.5625 0.0421875 0.13046875
1 0.93203125 0.4125 0.0390625 0.08515625
1 0.9140625 0.39609375 0.03984375 0.0828125
1 0.9578125 0.43203125 0.04296875 0.0953125
