1 0.128125 0.69375 0.03515625 0.1375
1 0.19765625 0.696875 0.0359375 0.146875
1 0.434375 0.68515625 0.03828125 0.1359375
1 0.66875 0.709375 0.05234375 0.18828125
1 0.80546875 0.70234375 0.0265625 0.1640625
1 0.828125 0.6984375 0.02421875 0.16328125
1 0.35078125 0.6875 0.0359375 0.1375
1 0.24921875 0.6875 0.0265625 0.1375
1 0.96875 0.73984375 0.046875 0.2234375
1 0.15390625 0.690625 0.0234375 0.12890625
1 0.17734375 0.6921875 0.0234375 0.134375
1 0.22578125 0.69140625 0.0265625 0.1390625
1 0.275 0.6890625 0.025 0.13984375
1 0.2984375 0.6890625 0.028125 0.13828125
1 0.32265625 0.6859375 0.0265625 0.13828125
1 0.3734375 0.6859375 0.02109375 0.13515625
1 0.396875 0.68125 0.02890625 0.13828125
1 0.465625 0.68359375 0.025 0.1359375
1 0.4875 0.684375 0.025 0.12421875
1 0.509375 0.684375 0.02265625 0.12421875
1 0.5328125 0.68125 0.02421875 0.12421875
1 0.553125 0.67890625 0.021875 0.1171875
1 0.575 0.678125 0.021875 0.12265625
1 0.6125 0.678125 0.01640625 0.128125
1 0.63203125 0.6765625 0.0234375 0.128125
1 0.7 0.7046875 0.02890625 0.16796875
1 0.71796875 0.7015625 0.0359375 0.17265625
1 0.7484375 0.703125 0.034375 0.16875
1 0.77734375 0.70390625 0.0296875 0.1640625
1 0.85234375 0.6953125 0.0265625 0.16171875
1 0.8734375 0.696875 0.01875 0.15234375
