1 0.828125 0.92109375 0.06953125 0.1390625
1 0.90078125 0.74296875 0.0953125 0.4890625
1 0.78203125 0.70703125 0.0359375 0.1765625
1 0.66796875 0.60234375 0.0390625 0.2390625
1 0.6046875 0.590625 0.03359375 0.20625
1 0.5734375 0.58515625 0.03203125 0.2109375
1 0.51953125 0.66328125 0.0484375 0.3890625
1 0.496875 0.7953125 0.05390625 0.26015625
1 0.4109375 0.7421875 0.09140625 0.50546875
1 0.59375 0.590625 0.02109375 0.2
1 0.44453125 0.734375 0.0484375 0.50703125
1 0.4578125 0.7328125 0.05546875 0.51171875
