1 0.4921875 0.3203125 0.23984375 0.13046875
1 0.3625 0.7265625 0.27421875 0.24453125
1 0.834375 0.93125 0.33125 0.1375
1 0.8390625 0.7765625 0.31953125 0.19140625
1 0.4828125 0.4390625 0.27421875 0.13046875
1 0.45625 0.7296875 0.3625 0.37890625
1 0.69609375 0.6765625 0.3296875 0.19453125
1 0.521875 0.225 0.078125 0.04375
1 0.1625 0.5375 0.08203125 0.09921875
1 0.096875 0.45078125 0.065625 0.1109375
1 0.67421875 0.9046875 0.1515625 0.171875
1 0.06953125 0.9421875 0.1390625 0.115625
1 0.08515625 0.5390625 0.0703125 0.084375
1 0.084375 0.33828125 0.053125 0.0703125
