1 0.3578125 0.6890625 0.03828125 0.28515625
1 0.2515625 0.921875 0.12109375 0.15625
1 0.5 0.9296875 0.10703125 0.13984375
1 0.73984375 0.9140625 0.1203125 0.171875
1 0.8578125 0.91484375 0.11484375 0.1703125
1 0.86875 0.73515625 0.04921875 0.2078125
1 0.6796875 0.75625 0.059375 0.22265625
1 0.6234375 0.79140625 0.065625 0.1609375
1 0.26875 0.6875 0.04453125 0.26796875
1 0.0921875 0.92109375 0.13046875 0.1578125
1 0.075 0.63828125 0.03046875 0.1671875
1 0.0515625 0.6390625 0.02265625 0.16640625
1 0.31640625 0.6953125 0.0390625 0.28046875
1 0.3828125 0.91875 0.109375 0.16015625
1 0.33203125 0.91328125 0.0703125 0.1734375
1 0.178125 0.86484375 0.075 0.2703125
1 0.15703125 0.80625 0.0453125 0.240625
1 0.18515625 0.7375 0.0640625 0.07265625
1 0.25 0.7953125 0.06796875 0.18046875
1 0.228125 0.6140625 0.03671875 0.115625
1 0.9109375 0.76171875 0.046875 0.1984375
1 0.62421875 0.91953125 0.1046875 0.1609375
1 0.56796875 0.9171875 0.0703125 0.165625
1 0.8109375 0.72734375 0.04296875 0.2046875
