1 0.7671875 0.70078125 0.11875 0.1546875
1 0.40078125 0.86875 0.1546875 0.178125
1 0.8671875 0.2625 0.08984375 0.12734375
1 0.884375 0.7390625 0.15859375 0.14921875
1 0.28359375 0.796875 0.1703125 0.14921875
1 0.484375 0.4671875 0.80625 0.42734375
1 0.278125 0.934375 0.184375 0.12890625
1 0.0828125 0.946875 0.16484375 0.10390625
1 0.103125 0.82109375 0.128125 0.1453125
1 0.4578125 0.9390625 0.2 0.115625
1 0.90859375 0.640625 0.1078125 0.10390625
1 0.978125 0.67734375 0.04375 0.1421875
1 0.1609375 0.184375 0.078125 0.128125
1 0.346875 0.23125 0.06953125 0.10546875
1 0.1828125 0.771875 0.13515625 0.12890625
1 0.040625 0.52109375 0.08125 0.1078125
1 0.0546875 0.6359375 0.10546875 0.13515625
1 0.4640625 0.22265625 0.08828125 0.1390625
1 0.4171875 0.23203125 0.07421875 0.1109375
1 0.609375 0.23515625 0.09765625 0.0765625
1 0.4421875 0.1171875 0.09375 0.10078125
1 0.18125 0.040625 0.06796875 0.08125
1 0.946875 0.2828125 0.09765625 0.09921875
1 0.94765625 0.5734375 0.1046875 0.13125
1 0.95 0.4609375 0.09921875 0.10390625
1 0.03125 0.3609375 0.0625 0.128125
1 0.628125 0.178125 0.08828125 0.08984375
1 0.52421875 0.0765625 0.0765625 0.11796875
1 0.55078125 0.26875 0.0921875 0.09765625
1 0.55078125 0.18203125 0.0765625 0.0921875
