1 0.4140625 0.38125 0.05625 0.32265625
1 0.3671875 0.3796875 0.05625 0.309375
1 0.2265625 0.3703125 0.05234375 0.30078125
1 0.78515625 0.340625 0.0578125 0.23125
1 0.8921875 0.39375 0.0875 0.31875
1 0.171875 0.5609375 0.07265625 0.23984375
1 0.115625 0.4015625 0.08671875 0.38203125
1 0.184375 0.4390625 0.10625 0.40234375
1 0.83125 0.3515625 0.05859375 0.22421875
1 0.95 0.4140625 0.09765625 0.28125
1 0.51875 0.35859375 0.05078125 0.3265625
1 0.2453125 0.378125 0.03828125 0.30859375
1 0.7296875 0.24765625 0.02265625 0.1265625
1 0.715625 0.253125 0.02578125 0.11484375
1 0.70078125 0.25 0.0265625 0.11328125
1 0.6859375 0.24375 0.03046875 0.11328125
1 0.66875 0.24375 0.02265625 0.12109375
1 0.9625 0.50625 0.075 0.390625
1 0.3046875 0.359375 0.02578125 0.32109375
