1 0.1953125 0.48125 0.05625 0.19453125
1 0.1625 0.4875 0.06171875 0.19375
1 0.1296875 0.496875 0.08359375 0.19296875
1 0.278125 0.70703125 0.13046875 0.3640625
1 0.33359375 0.74453125 0.1296875 0.3828125
1 0.3890625 0.7125 0.125 0.34375
1 0.43125 0.7859375 0.15390625 0.428125
1 0.50625 0.8125 0.15078125 0.375
1 0.553125 0.7921875 0.14453125 0.41171875
1 0.61875 0.7609375 0.12265625 0.39375
1 0.69375 0.8140625 0.14375 0.371875
1 0.73125 0.78125 0.128125 0.41015625
1 0.7890625 0.71875 0.12109375 0.35234375
1 0.8203125 0.665625 0.11875 0.334375
