1 0.928125 0.834375 0.14296875 0.3125
1 0.8140625 0.8421875 0.16015625 0.315625
1 0.66328125 0.8625 0.1703125 0.26015625
1 0.5109375 0.85859375 0.16171875 0.2828125
1 0.3546875 0.85 0.18984375 0.29921875
1 0.17578125 0.85625 0.1484375 0.28359375
1 0.0546875 0.85 0.109375 0.296875
1 0.7375 0.2953125 0.10234375 0.18671875
1 0.63984375 0.28046875 0.1265625 0.1640625
1 0.53984375 0.26015625 0.1109375 0.1546875
1 0.4421875 0.2609375 0.09765625 0.15703125
1 0.35 0.28046875 0.12265625 0.2109375
1 0.24609375 0.3078125 0.1140625 0.26484375
1 0.35703125 0.39375 0.0921875 0.15
1 0.44375 0.3890625 0.09375 0.146875
1 0.53515625 0.396875 0.1046875 0.1625
1 0.6203125 0.40234375 0.11015625 0.1921875
1 0.7125 0.3984375 0.11015625 0.18515625
1 0.28515625 0.69375 0.1140625 0.13671875
1 0.571875 0.684375 0.09453125 0.15625
1 0.6828125 0.675 0.14453125 0.16640625
1 0.828125 0.6703125 0.10390625 0.12734375
1 0.95234375 0.634375 0.0953125 0.13984375
1 0.8296875 0.58828125 0.09453125 0.1078125
1 0.86015625 0.50234375 0.0796875 0.1234375
1 0.7890625 0.43984375 0.084375 0.1171875
1 0.7203125 0.578125 0.1 0.1125
1 0.62421875 0.57734375 0.0921875 0.1078125
1 0.41953125 0.6640625 0.0921875 0.12734375
1 0.25625 0.59921875 0.0875 0.1234375
1 0.3171875 0.53984375 0.07734375 0.1078125
1 0.21875 0.5375 0.10234375 0.15
1 0.1453125 0.6921875 0.17734375 0.20703125
1 0.43515625 0.5484375 0.1265625 0.13359375
1 0.134375 0.61015625 0.16953125 0.1828125
