1 0.9234375 0.64921875 0.12265625 0.6765625
1 0.8109375 0.6921875 0.140625 0.59609375
1 0.6609375 0.6671875 0.11171875 0.64609375
1 0.57421875 0.6734375 0.1203125 0.6
1 0.47109375 0.65546875 0.1171875 0.6140625
1 0.4015625 0.6078125 0.128125 0.60390625
1 0.2078125 0.5078125 0.065625 0.47265625
1 0.72734375 0.36171875 0.0671875 0.1703125
1 0.84765625 0.37421875 0.0953125 0.1703125
1 0.7578125 0.6390625 0.08828125 0.69453125
1 0.0515625 0.45234375 0.05234375 0.3609375
1 0.3484375 0.534375 0.07265625 0.48828125
1 0.3234375 0.5125 0.05859375 0.453125
1 0.278125 0.5 0.07265625 0.45625
1 0.134375 0.4890625 0.05390625 0.425
1 0.165625 0.496875 0.05078125 0.440625
