1 0.47890625 0.7671875 0.1015625 0.38203125
1 0.35078125 0.78125 0.1484375 0.378125
1 0.30234375 0.890625 0.2234375 0.21796875
1 0.19453125 0.81328125 0.1421875 0.3734375
1 0.6078125 0.68125 0.11484375 0.2
1 0.7 0.90234375 0.16875 0.1953125
1 0.6484375 0.8546875 0.13515625 0.290625
1 0.83671875 0.89453125 0.1703125 0.2109375
1 0.775 0.8234375 0.14140625 0.25
1 0.90546875 0.79296875 0.1359375 0.2171875
1 0.7109375 0.721875 0.10703125 0.16640625
1 0.8203125 0.7078125 0.13046875 0.18984375
1 0.50625 0.44765625 0.08515625 0.2796875
1 0.5890625 0.45 0.08671875 0.284375
1 0.44453125 0.51796875 0.0640625 0.4234375
1 0.396875 0.55 0.08203125 0.178125
1 0.296875 0.54140625 0.071875 0.1453125
1 0.2796875 0.43125 0.05 0.140625
1 0.31640625 0.4375 0.0484375 0.14609375
1 0.275 0.30078125 0.04453125 0.1421875
1 0.3109375 0.3 0.04609375 0.14375
1 0.34609375 0.3 0.0453125 0.16171875
1 0.4140625 0.2640625 0.04140625 0.07890625
1 0.38203125 0.3046875 0.0421875 0.17109375
1 0.48125 0.2578125 0.05078125 0.09140625
1 0.51640625 0.2578125 0.0359375 0.09140625
1 0.56953125 0.76171875 0.1046875 0.3578125
