1 0.89140625 0.82890625 0.1390625 0.3109375
1 0.971875 0.84296875 0.05390625 0.2953125
1 0.9375 0.590625 0.08828125 0.19296875
1 0.7734375 0.66171875 0.07265625 0.1734375
1 0.6046875 0.684375 0.06640625 0.18359375
1 0.43515625 0.71484375 0.0765625 0.1703125
1 0.36796875 0.71171875 0.0640625 0.1734375
1 0.3 0.709375 0.07265625 0.16796875
1 0.225 0.70546875 0.078125 0.1734375
1 0.15 0.7359375 0.08828125 0.175
1 0.14375 0.54375 0.078125 0.21171875
1 0.2234375 0.528125 0.08359375 0.19921875
1 0.3015625 0.5390625 0.078125 0.19453125
1 0.3703125 0.54140625 0.07421875 0.2015625
1 0.4421875 0.5390625 0.08203125 0.2
1 0.5078125 0.4578125 0.05390625 0.13515625
1 0.584375 0.471875 0.05078125 0.125
1 0.6328125 0.465625 0.04375 0.11640625
1 0.63203125 0.56875 0.0484375 0.090625
1 0.578125 0.58125 0.046875 0.109375
1 0.54375 0.5671875 0.034375 0.10625
1 0.50625 0.5703125 0.05234375 0.10234375
1 0.40703125 0.39140625 0.0609375 0.0953125
1 0.35234375 0.3875 0.0640625 0.096875
1 0.290625 0.384375 0.06796875 0.10390625
