1 0.56875 0.65859375 0.15390625 0.6828125
1 0.2234375 0.6109375 0.12890625 0.63125
1 0.33046875 0.61796875 0.1078125 0.6515625
1 0.446875 0.5890625 0.096875 0.5875
1 0.715625 0.65625 0.11796875 0.6875
1 0.7515625 0.82109375 0.12890625 0.3578125
1 0.84609375 0.84140625 0.1734375 0.3171875
1 0.9296875 0.71875 0.12265625 0.23828125
1 0.3828125 0.4921875 0.06640625 0.37109375
1 0.2796875 0.3859375 0.06640625 0.16328125
1 0.16796875 0.5875 0.0609375 0.56953125
1 0.7578125 0.4953125 0.096875 0.38046875
1 0.9703125 0.84453125 0.059375 0.2953125
