1 0.38359375 0.88515625 0.1453125 0.2296875
1 0.49375 0.8484375 0.10234375 0.303125
1 0.56015625 0.80625 0.0796875 0.278125
1 0.6171875 0.79453125 0.05234375 0.3546875
1 0.634375 0.75 0.05546875 0.396875
1 0.678125 0.7328125 0.02578125 0.40390625
1 0.234375 0.87890625 0.096875 0.2421875
1 0.3546875 0.78515625 0.08515625 0.2109375
1 0.44765625 0.7109375 0.0828125 0.13671875
1 0.503125 0.675 0.05 0.15390625
1 0.53515625 0.63125 0.0484375 0.10625
1 0.57109375 0.61875 0.0359375 0.096875
1 0.1640625 0.771875 0.11640625 0.20859375
1 0.2265625 0.73125 0.09375 0.203125
1 0.296875 0.7078125 0.06015625 0.16875
1 0.36875 0.684375 0.07421875 0.15390625
1 0.43125 0.62109375 0.06015625 0.1515625
1 0.4640625 0.6171875 0.05390625 0.14375
1 0.28671875 0.62109375 0.0796875 0.1390625
1 0.2125 0.6375 0.05859375 0.18359375
1 0.1296875 0.6859375 0.096875 0.23828125
1 0.05234375 0.7421875 0.0984375 0.2875
1 0.8546875 0.6390625 0.04375 0.26484375
1 0.734375 0.578125 0.04453125 0.17578125
1 0.7078125 0.59765625 0.02890625 0.2234375
