1 0.59765625 0.37890625 0.2640625 0.1390625
1 0.521875 0.53203125 0.26171875 0.1390625
1 0.878125 0.334375 0.02578125 0.05
1 0.91328125 0.3328125 0.0296875 0.046875
1 0.9390625 0.5125 0.121875 0.065625
1 0.4859375 0.6796875 0.25859375 0.13203125
1 0.5453125 0.7953125 0.18046875 0.140625
1 0.87265625 0.38125 0.0296875 0.03984375
1 0.2953125 0.34375 0.090625 0.03671875
1 0.296875 0.378125 0.090625 0.02265625
1 0.9625 0.3359375 0.04140625 0.040625
1 0.92109375 0.3828125 0.0484375 0.04296875
1 0.9625 0.3828125 0.034375 0.05625
1 0.99140625 0.3390625 0.0171875 0.04921875
1 0.9890625 0.3828125 0.02109375 0.04765625
1 0.903125 0.43046875 0.03984375 0.0359375
1 0.94375 0.428125 0.05078125 0.04296875
1 0.9859375 0.4390625 0.028125 0.053125
1 0.54921875 0.49375 0.2671875 0.134375
1 0.640625 0.7703125 0.07109375 0.109375
1 0.8640625 0.496875 0.05703125 0.05625
1 0.9234375 0.46875 0.034375 0.03125
1 0.9625 0.47109375 0.03046875 0.0390625
1 0.7 0.5046875 0.053125 0.103125
