1 0.465625 0.4203125 0.03828125 0.47265625
1 0.4328125 0.44453125 0.03984375 0.4984375
1 0.4 0.4546875 0.04765625 0.48203125
1 0.35546875 0.503125 0.0546875 0.546875
1 0.3078125 0.5296875 0.065625 0.57578125
1 0.253125 0.5453125 0.07109375 0.57265625
1 0.78515625 0.5546875 0.0421875 0.359375
1 0.74375 0.59140625 0.04921875 0.4171875
1 0.20859375 0.6078125 0.0984375 0.63125
1 0.1421875 0.64765625 0.11484375 0.6859375
1 0.075 0.6671875 0.13125 0.66328125
1 0.70625 0.69375 0.05625 0.56640625
1 0.67578125 0.7265625 0.0546875 0.52734375
1 0.6359375 0.74921875 0.06953125 0.5015625
1 0.58984375 0.78125 0.0859375 0.43671875
1 0.528125 0.79765625 0.109375 0.4046875
1 0.41875 0.8203125 0.13125 0.359375
1 0.8078125 0.19765625 0.02734375 0.1296875
1 0.859375 0.2015625 0.03125 0.14921875
1 0.659375 0.20859375 0.02890625 0.2171875
1 0.6828125 0.2140625 0.02890625 0.21015625
1 0.6984375 0.22734375 0.02890625 0.2203125
1 0.88359375 0.2265625 0.0421875 0.20703125
1 0.6296875 0.23125 0.02734375 0.190625
1 0.60078125 0.2375 0.0234375 0.184375
1 0.94296875 0.234375 0.0453125 0.2125
1 0.496875 0.2671875 0.034375 0.190625
