1 0.396875 0.4515625 0.225 0.7625
1 0.56875 0.371875 0.1375 0.65625
1 0.1984375 0.36328125 0.19375 0.6546875
1 0.06875 0.340625 0.1375 0.68125
1 0.703125 0.353125 0.159375 0.640625
1 0.85859375 0.2828125 0.1359375 0.50625
1 0.9375 0.27421875 0.096875 0.4828125
1 0.9765625 0.24765625 0.046875 0.4203125
1 0.959375 0.64296875 0.08125 0.3265625
1 0.90703125 0.69921875 0.0984375 0.3390625
1 0.8265625 0.75546875 0.125 0.3828125
1 0.74375 0.8109375 0.115625 0.378125
1 0.65 0.85078125 0.18125 0.2984375
1 0.534375 0.8734375 0.15625 0.253125
1 0.4015625 0.89765625 0.240625 0.2046875
1 0.209375 0.8546875 0.240625 0.290625
1 0.07265625 0.83984375 0.1453125 0.3203125
