1 0.21796875 0.37421875 0.1390625 0.3984375
1 0.40859375 0.36328125 0.1265625 0.3671875
1 0.6015625 0.353125 0.128125 0.421875
1 0.74375 0.38359375 0.14375 0.4609375
1 0.628125 0.778125 0.1375 0.44375
1 0.515625 0.72890625 0.121875 0.4640625
1 0.3328125 0.76015625 0.15625 0.4546875
1 0.06484375 0.3109375 0.0984375 0.378125
1 0.13125 0.3390625 0.1 0.378125
1 0.31640625 0.353125 0.1078125 0.384375
1 0.50546875 0.3390625 0.1046875 0.371875
1 0.73046875 0.7640625 0.1109375 0.35
1 0.41328125 0.71171875 0.1171875 0.3609375
1 0.2234375 0.71953125 0.1125 0.3515625
1 0.15078125 0.6875 0.1015625 0.315625
1 0.8828125 0.409375 0.18125 0.4125
