1 0.95546875 0.41015625 0.0515625 0.4921875
1 0.61640625 0.4125 0.0484375 0.4875
1 0.90390625 0.4109375 0.0515625 0.48828125
1 0.5703125 0.4125 0.04609375 0.47890625
1 0.85546875 0.4125 0.0515625 0.48828125
1 0.5234375 0.4140625 0.046875 0.47734375
1 0.80625 0.4125 0.04921875 0.48515625
1 0.38828125 0.41328125 0.0421875 0.4828125
1 0.6625 0.4140625 0.04453125 0.484375
1 0.7578125 0.41484375 0.046875 0.4859375
1 0.43203125 0.4140625 0.0421875 0.47890625
1 0.1015625 0.41484375 0.05 0.4734375
1 0.19921875 0.41484375 0.0515625 0.4734375
1 0.34375 0.41484375 0.04609375 0.4796875
1 0.4765625 0.41484375 0.04609375 0.4734375
1 0.70859375 0.41640625 0.0453125 0.4859375
1 0.1484375 0.415625 0.05078125 0.47578125
1 0.2984375 0.4171875 0.05078125 0.47421875
1 0.25 0.4171875 0.04765625 0.47578125
1 0.0546875 0.41875 0.04765625 0.47421875
