1 0.2609375 0.5453125 0.05625 0.49921875
1 0.01875 0.55859375 0.02109375 0.4359375
1 0.91640625 0.5609375 0.1390625 0.878125
1 0.0390625 0.5640625 0.02421875 0.45703125
1 0.0625 0.5640625 0.025 0.49453125
1 0.0859375 0.56640625 0.02578125 0.5265625
1 0.1171875 0.57421875 0.03671875 0.5546875
1 0.75859375 0.578125 0.1171875 0.84375
1 0.14765625 0.584375 0.0390625 0.56796875
1 0.64375 0.59453125 0.10234375 0.8109375
1 0.3296875 0.596875 0.06328125 0.67578125
1 0.54375 0.603125 0.090625 0.79140625
1 0.4578125 0.6140625 0.07890625 0.76796875
1 0.3859375 0.6203125 0.06796875 0.75390625
