1 0.67890625 0.596875 0.0390625 0.51875
1 0.1796875 0.6015625 0.05 0.603125
1 0.02421875 0.609375 0.0484375 0.62734375
1 0.41171875 0.6171875 0.0359375 0.571875
1 0.8265625 0.62109375 0.06328125 0.5640625
1 0.70625 0.6234375 0.0375 0.578125
1 0.25703125 0.63125 0.0578125 0.65625
1 0.128125 0.63203125 0.06484375 0.6640625
1 0.36796875 0.64296875 0.0578125 0.6828125
1 0.8765625 0.646875 0.07734375 0.646875
1 0.4890625 0.65 0.05625 0.7
1 0.9609375 0.653125 0.07578125 0.61171875
1 0.7515625 0.65390625 0.06328125 0.6734375
1 0.6203125 0.6546875 0.07734375 0.684375
1 0.3 0.625 0.046875 0.56640625
