1 0.415625 0.396875 0.028125 0.21328125
1 0.390625 0.3984375 0.02421875 0.21640625
1 0.48125 0.4015625 0.02578125 0.21015625
1 0.4421875 0.403125 0.02421875 0.20703125
1 0.30625 0.4453125 0.02421875 0.30625
1 0.284375 0.4515625 0.02421875 0.32421875
1 0.259375 0.45625 0.034375 0.33671875
1 0.21875 0.471875 0.034375 0.36953125
1 0.2 0.4828125 0.034375 0.39375
1 0.046875 0.4859375 0.05234375 0.39375
1 0.16875 0.48515625 0.05625 0.4171875
1 0.0828125 0.4890625 0.05 0.39375
1 0.125 0.490625 0.05625 0.39921875
1 0.63125 0.6109375 0.0875 0.57578125
1 0.8015625 0.66015625 0.14375 0.6796875
