1 0.4953125 0.41875 0.24140625 0.82265625
1 0.684375 0.4703125 0.19140625 0.721875
1 0.325 0.4875 0.15390625 0.71015625
1 0.81484375 0.509375 0.1640625 0.64453125
1 0.1953125 0.534375 0.13984375 0.64453125
1 0.9328125 0.553125 0.13203125 0.62109375
1 0.09609375 0.5859375 0.0984375 0.58203125
1 0.028125 0.62265625 0.05546875 0.5234375
1 0.68203125 0.9125 0.1734375 0.17109375
1 0.49609375 0.9140625 0.2015625 0.16796875
1 0.8234375 0.915625 0.13203125 0.16796875
1 0.32890625 0.9234375 0.1296875 0.153125
1 0.94140625 0.92734375 0.1171875 0.1453125
1 0.209375 0.93046875 0.15 0.1390625
1 0.1046875 0.9390625 0.084375 0.121875
1 0.03203125 0.94140625 0.0640625 0.1140625
