1 0.040625 0.50234375 0.08125 0.5734375
1 0.103125 0.5046875 0.109375 0.57890625
1 0.171875 0.509375 0.07890625 0.57890625
1 0.2515625 0.515625 0.08359375 0.58984375
1 0.33671875 0.5203125 0.0859375 0.59453125
1 0.496875 0.525 0.09296875 0.61328125
1 0.4171875 0.5265625 0.08828125 0.584375
1 0.5765625 0.53125 0.09765625 0.60546875
1 0.665625 0.5359375 0.11171875 0.61015625
1 0.74375 0.540625 0.11171875 0.61875
1 0.92734375 0.54296875 0.1359375 0.6421875
1 0.83671875 0.54453125 0.1234375 0.6234375
