1 0.340625 0.234375 0.13203125 0.32578125
1 0.703125 0.25390625 0.13359375 0.3390625
1 0.5828125 0.27109375 0.13359375 0.3171875
1 0.840625 0.240625 0.15078125 0.29921875
1 0.93046875 0.2515625 0.1390625 0.259375
1 0.46015625 0.28515625 0.1265625 0.3265625
1 0.21015625 0.28515625 0.1015625 0.2546875
1 0.09375 0.32421875 0.1875 0.3421875
1 0.696875 0.096875 0.13125 0.19296875
1 0.353125 0.07734375 0.13046875 0.1546875
1 0.1984375 0.46328125 0.10234375 0.2171875
1 0.3375 0.5015625 0.13671875 0.30859375
1 0.9609375 0.4953125 0.078125 0.28125
1 0.86953125 0.51640625 0.1609375 0.2921875
1 0.734375 0.50703125 0.15078125 0.2953125
1 0.596875 0.5359375 0.13046875 0.28828125
1 0.46953125 0.5390625 0.1328125 0.29453125
1 0.8125 0.08984375 0.165625 0.1796875
1 0.0859375 0.58125 0.17109375 0.30078125
1 0.58125 0.0859375 0.11171875 0.171875
1 0.17734375 0.66015625 0.1140625 0.2359375
1 0.92890625 0.103125 0.1421875 0.20546875
1 0.28828125 0.7765625 0.1734375 0.315625
1 0.4765625 0.07734375 0.12421875 0.1546875
1 0.6921875 0.79140625 0.13671875 0.2953125
1 0.8359375 0.8046875 0.16796875 0.303125
1 0.4296875 0.8171875 0.14375 0.31328125
1 0.946875 0.7921875 0.10390625 0.32421875
1 0.5640625 0.8140625 0.140625 0.29375
1 0.0765625 0.853125 0.153125 0.29375
1 0.1671875 0.88125 0.11484375 0.2375
1 0.103125 0.14296875 0.20625 0.2859375
1 0.2328125 0.125 0.08828125 0.25
