1 0.478125 0.2078125 0.03984375 0.1
1 0.575 0.21796875 0.04609375 0.1078125
1 0.25234375 0.2328125 0.0421875 0.09375
1 0.671875 0.240625 0.05078125 0.10625
1 0.78125 0.25859375 0.053125 0.1265625
1 0.4296875 0.2671875 0.034375 0.09375
1 0.3421875 0.26875 0.04375 0.08515625
1 0.52578125 0.2734375 0.0390625 0.11875
1 0.7234375 0.30546875 0.05234375 0.1140625
1 0.621875 0.30625 0.03984375 0.1
1 0.30390625 0.3125 0.0421875 0.09765625
1 0.38125 0.33125 0.03359375 0.09375
1 0.471875 0.33359375 0.03984375 0.1203125
1 0.5703125 0.34765625 0.04140625 0.1078125
1 0.665625 0.3734375 0.04375 0.10625
1 0.340625 0.38125 0.04296875 0.08515625
1 0.51875 0.39609375 0.03984375 0.1203125
1 0.771875 0.39609375 0.053125 0.1140625
1 0.43515625 0.4 0.0328125 0.09375
1 0.615625 0.421875 0.034375 0.09375
1 0.3015625 0.42890625 0.04375 0.1078125
1 0.7078125 0.43359375 0.03984375 0.1140625
1 0.38125 0.446875 0.03046875 0.10625
1 0.475 0.475 0.04609375 0.1
1 0.5640625 0.47578125 0.04140625 0.1078125
1 0.65546875 0.490625 0.0484375 0.09765625
1 0.34375 0.49609375 0.04609375 0.1015625
1 0.7546875 0.51328125 0.04609375 0.1078125
1 0.43046875 0.525 0.0421875 0.09140625
1 0.6046875 0.5375 0.03125 0.11875
1 0.521875 0.5390625 0.03359375 0.08515625
1 0.3046875 0.54140625 0.034375 0.0828125
1 0.38359375 0.56015625 0.0296875 0.1078125
1 0.70078125 0.56171875 0.0390625 0.0828125
1 0.47734375 0.5890625 0.0421875 0.09765625
1 0.5625 0.5984375 0.04609375 0.10390625
1 0.646875 0.60078125 0.04140625 0.0828125
1 0.34140625 0.603125 0.0359375 0.07890625
1 0.43203125 0.6265625 0.0328125 0.07265625
1 0.30625 0.6390625 0.03046875 0.0875
1 0.7390625 0.640625 0.04375 0.0875
1 0.51796875 0.64765625 0.0359375 0.0765625
1 0.3796875 0.6546875 0.02109375 0.04609375
1 0.68828125 0.6640625 0.0359375 0.09765625
1 0.6078125 0.671875 0.03359375 0.09140625
1 0.2640625 0.6890625 0.03359375 0.10390625
1 0.47109375 0.69921875 0.0421875 0.0828125
1 0.34921875 0.7140625 0.0359375 0.1
1 0.559375 0.71640625 0.03359375 0.0765625
1 0.42734375 0.725 0.0296875 0.10390625
1 0.5140625 0.74296875 0.03046875 0.0765625
1 0.646875 0.7421875 0.034375 0.08515625
1 0.72890625 0.7484375 0.0359375 0.07265625
1 0.6015625 0.7796875 0.03125 0.09140625
1 0.68828125 0.803125 0.0359375 0.09765625
1 0.3015625 0.1796875 0.053125 0.1125
1 0.37890625 0.19296875 0.0390625 0.1078125
