1 0.2359375 0.1703125 0.10703125 0.16875
1 0.68984375 0.2015625 0.0921875 0.17109375
1 0.8296875 0.1984375 0.09921875 0.16640625
1 0.5578125 0.2125 0.075 0.17421875
1 0.425 0.2234375 0.08046875 0.16875
1 0.2875 0.2375 0.065625 0.15625
1 0.178125 0.2640625 0.09921875 0.165625
1 0.753125 0.2828125 0.09453125 0.15546875
1 0.62265625 0.2984375 0.0890625 0.15859375
1 0.4921875 0.30625 0.07265625 0.140625
1 0.3765625 0.3265625 0.07734375 0.18828125
1 0.2375 0.34375 0.05703125 0.140625
1 0.8234375 0.36796875 0.10390625 0.1578125
1 0.6875 0.37890625 0.06640625 0.1328125
1 0.553125 0.3875 0.07421875 0.16171875
1 0.29765625 0.4140625 0.0484375 0.13671875
1 0.18046875 0.4125 0.0984375 0.15
1 0.43671875 0.41015625 0.0796875 0.1734375
1 0.6734375 0.04375 0.13359375 0.0875
1 0.8109375 0.04375 0.13671875 0.0875
1 0.61875 0.4640625 0.06171875 0.13828125
1 0.7546875 0.4671875 0.07421875 0.13125
1 0.38125 0.496875 0.06171875 0.13671875
1 0.25078125 0.51015625 0.0640625 0.1421875
1 0.50625 0.4875 0.07421875 0.19609375
1 0.68359375 0.53359375 0.0703125 0.1421875
1 0.81171875 0.55 0.0828125 0.13671875
1 0.4421875 0.56640625 0.07421875 0.1609375
1 0.56875 0.56875 0.06171875 0.140625
1 0.30625 0.5796875 0.05703125 0.140625
1 0.1921875 0.5796875 0.09921875 0.15859375
1 0.553125 0.0625 0.07734375 0.11796875
1 0.7421875 0.61015625 0.09296875 0.1640625
1 0.42734375 0.06328125 0.0984375 0.1265625
1 0.63828125 0.6484375 0.0578125 0.16640625
1 0.253125 0.65546875 0.065625 0.1328125
1 0.50859375 0.65546875 0.0703125 0.1328125
1 0.3859375 0.6625 0.071875 0.13671875
1 0.29921875 0.06875 0.1234375 0.134375
1 0.809375 0.6875 0.08125 0.1625
1 0.44453125 0.728125 0.0671875 0.13828125
1 0.571875 0.73359375 0.07265625 0.1328125
1 0.2015625 0.7234375 0.096875 0.13359375
1 0.69765625 0.73515625 0.0640625 0.1515625
1 0.3140625 0.7375 0.04140625 0.13125
1 0.1859375 0.0765625 0.12890625 0.153125
1 0.1421875 0.796875 0.07265625 0.18359375
1 0.75703125 0.79609375 0.0984375 0.1734375
1 0.5109375 0.8046875 0.05078125 0.159375
1 0.3796875 0.81484375 0.05703125 0.1796875
1 0.265625 0.8171875 0.06796875 0.1125
1 0.6265625 0.81796875 0.06640625 0.1421875
1 0.7625 0.103125 0.08984375 0.18359375
1 0.3609375 0.1328125 0.071875 0.18515625
1 0.6265625 0.1296875 0.09140625 0.17578125
1 0.49140625 0.14453125 0.0671875 0.1796875
1 0.0984375 0.1625 0.10234375 0.196875
