1 0.87578125 0.0234375 0.0171875 0.03046875
1 0.828125 0.02578125 0.01875 0.0390625
1 0.8015625 0.0265625 0.02890625 0.05234375
1 0.340625 0.2546875 0.07265625 0.16953125
1 0.4796875 0.25859375 0.06171875 0.1546875
1 0.6390625 0.2796875 0.040625 0.12734375
1 0.6828125 0.278125 0.03984375 0.10703125
1 0.5390625 0.284375 0.05234375 0.1375
1 0.853125 0.0296875 0.0125 0.05234375
1 0.4140625 0.28828125 0.06875 0.1359375
1 0.5953125 0.28984375 0.040625 0.1203125
1 0.7234375 0.290625 0.02890625 0.078125
1 0.803125 0.3203125 0.05703125 0.10078125
1 0.746875 0.31484375 0.053125 0.1046875
1 0.9140625 0.3078125 0.0125 0.06484375
1 0.8921875 0.3171875 0.01640625 0.06484375
1 0.8578125 0.3328125 0.05 0.08203125
1 0.83359375 0.33125 0.0484375 0.07890625
1 0.790625 0.3296875 0.03515625 0.07265625
1 0.53671875 0.3953125 0.0515625 0.1375
1 0.85078125 0.4046875 0.0234375 0.0625
1 0.92265625 0.4046875 0.0171875 0.05234375
1 0.340625 0.40625 0.07109375 0.12421875
1 0.59375 0.40625 0.05234375 0.09375
1 0.63984375 0.40625 0.0484375 0.10703125
1 0.68359375 0.4078125 0.0421875 0.10859375
1 0.896875 0.409375 0.01796875 0.059375
1 0.715625 0.4109375 0.04453125 0.08984375
1 0.82421875 0.4109375 0.0265625 0.06796875
1 0.48203125 0.41328125 0.0578125 0.1203125
1 0.7578125 0.4125 0.03671875 0.06953125
1 0.8734375 0.415625 0.01796875 0.059375
1 0.79375 0.425 0.02890625 0.06953125
1 0.59296875 0.08359375 0.0953125 0.1671875
1 0.41015625 0.4421875 0.0671875 0.11171875
1 0.309375 0.04765625 0.078125 0.0953125
1 0.91875 0.48515625 0.01484375 0.0421875
1 0.88125 0.496875 0.05078125 0.09296875
1 0.8390625 0.503125 0.05703125 0.0875
1 0.8640625 0.5015625 0.04296875 0.09921875
1 0.81796875 0.5109375 0.0734375 0.08984375
1 0.375 0.0515625 0.06796875 0.103125
1 0.71875 0.515625 0.06328125 0.1
1 0.7828125 0.525 0.06015625 0.096875
1 0.6765625 0.5171875 0.05703125 0.10390625
1 0.58515625 0.525 0.0609375 0.11015625
1 0.75625 0.52265625 0.053125 0.0953125
1 0.6359375 0.528125 0.075 0.11171875
1 0.5359375 0.5359375 0.07109375 0.121875
1 0.48203125 0.54453125 0.0671875 0.1203125
1 0.35546875 0.559375 0.0765625 0.140625
1 0.925 0.565625 0.01875 0.04453125
1 0.903125 0.56796875 0.01796875 0.0796875
1 0.4265625 0.57265625 0.075 0.1359375
1 0.8578125 0.5890625 0.021875 0.07109375
1 0.884375 0.590625 0.02109375 0.07265625
1 0.6296875 0.0875 0.103125 0.175
1 0.8359375 0.60625 0.01875 0.06484375
1 0.73359375 0.609375 0.0421875 0.08671875
1 0.8078125 0.62421875 0.03125 0.0796875
1 0.778125 0.6265625 0.02265625 0.05625
1 0.70390625 0.62890625 0.0484375 0.1203125
1 0.65859375 0.6390625 0.0515625 0.1
1 0.9296875 0.640625 0.01328125 0.03046875
1 0.6109375 0.646875 0.03984375 0.11171875
1 0.5609375 0.65625 0.05390625 0.12421875
1 0.9078125 0.6578125 0.01796875 0.06796875
1 0.4953125 0.66875 0.065625 0.10859375
1 0.8515625 0.6765625 0.03671875 0.06484375
1 0.884375 0.6765625 0.02421875 0.08671875
1 0.4359375 0.06796875 0.059375 0.1359375
1 0.3609375 0.70546875 0.084375 0.1359375
1 0.828125 0.7 0.04921875 0.08046875
1 0.4375 0.71640625 0.07109375 0.1328125
1 0.7890625 0.709375 0.06328125 0.10078125
1 0.76484375 0.71796875 0.0578125 0.1078125
1 0.6765625 0.09375 0.0875 0.15859375
1 0.72578125 0.721875 0.0703125 0.115625
1 0.93125 0.7359375 0.02109375 0.06953125
1 0.9109375 0.7421875 0.01875 0.08125
1 0.55625 0.075 0.05 0.15
1 0.690625 0.73828125 0.059375 0.1203125
1 0.646875 0.75625 0.06875 0.12890625
1 0.88515625 0.759375 0.0234375 0.059375
1 0.60625 0.7625 0.06796875 0.13046875
1 0.4890625 0.0703125 0.06484375 0.140625
1 0.85625 0.7875 0.03125 0.07109375
1 0.5640625 0.7890625 0.06015625 0.12421875
1 0.92890625 0.809375 0.0109375 0.04765625
1 0.7421875 0.11875 0.08984375 0.14375
1 0.50625 0.8140625 0.05703125 0.16328125
1 0.840625 0.81875 0.01640625 0.078125
1 0.9109375 0.8234375 0.02734375 0.05234375
1 0.815625 0.8390625 0.02734375 0.08828125
1 0.36875 0.85078125 0.07109375 0.1609375
1 0.7828125 0.8546875 0.03046875 0.06796875
1 0.44375 0.86171875 0.075 0.1328125
1 0.8921875 0.8625 0.02421875 0.059375
1 0.725 0.86015625 0.06640625 0.1234375
1 0.70546875 0.10703125 0.0953125 0.1546875
1 0.6859375 0.8796875 0.090625 0.128125
1 0.86328125 0.890625 0.0359375 0.08828125
1 0.65625 0.89296875 0.06640625 0.1359375
1 0.9390625 0.9015625 0.02265625 0.05234375
1 0.85 0.9140625 0.01796875 0.06796875
1 0.91328125 0.91875 0.0171875 0.05625
1 0.6171875 0.91796875 0.03984375 0.1203125
1 0.5609375 0.915625 0.05546875 0.12890625
1 0.8203125 0.94375 0.02578125 0.06953125
1 0.5140625 0.946875 0.05625 0.10625
1 0.7828125 0.95 0.02890625 0.07265625
1 0.8921875 0.9578125 0.02265625 0.059375
1 0.4515625 0.96875 0.06484375 0.0625
1 0.74609375 0.96875 0.0359375 0.0625
1 0.9359375 0.9703125 0.02265625 0.05625
1 0.38125 0.97109375 0.065625 0.0578125
1 0.86875 0.971875 0.02421875 0.05625
1 0.7015625 0.98203125 0.02890625 0.0359375
1 0.859375 0.1 0.01484375 0.05625
1 0.909375 0.984375 0.01953125 0.03046875
1 0.66328125 0.98515625 0.0359375 0.0296875
1 0.884375 0.1078125 0.01875 0.05234375
1 0.77109375 0.1359375 0.0953125 0.14375
1 0.8265625 0.1328125 0.02890625 0.1125
1 0.196875 0.121875 0.06953125 0.11796875
1 0.25703125 0.12734375 0.0796875 0.1078125
1 0.3109375 0.13671875 0.06796875 0.1109375
1 0.365625 0.1390625 0.046875 0.09921875
1 0.41875 0.15546875 0.0625 0.0953125
1 0.465625 0.1609375 0.05234375 0.10078125
1 0.50546875 0.1703125 0.0609375 0.09375
1 0.54375 0.1828125 0.059375 0.08125
1 0.578125 0.190625 0.065625 0.059375
