1 0.14765625 0.0203125 0.1640625 0.040625
1 0.14375 0.27421875 0.17890625 0.1703125
1 0.3203125 0.04140625 0.16796875 0.0796875
1 0.634375 0.275 0.17578125 0.15
1 0.3203125 0.2859375 0.15859375 0.184375
1 0.7828125 0.29375 0.18515625 0.14921875
1 0.46953125 0.2859375 0.1703125 0.14609375
1 0.79765625 0.0484375 0.1953125 0.096875
1 0.478125 0.0390625 0.15234375 0.078125
1 0.55625 0.409375 0.17421875 0.14765625
1 0.0765625 0.4140625 0.153125 0.1625
1 0.709375 0.41328125 0.14453125 0.1484375
1 0.2328125 0.41875 0.16015625 0.15
1 0.4078125 0.4296875 0.1375 0.14765625
1 0.6328125 0.04609375 0.17265625 0.0921875
1 0.77890625 0.53671875 0.1515625 0.1421875
1 0.5109375 0.546875 0.128125 0.14609375
1 0.63828125 0.54375 0.1421875 0.13359375
1 0.1515625 0.5671875 0.18046875 0.16640625
1 0.3296875 0.571875 0.146875 0.14375
1 0.71875 0.6765625 0.15234375 0.16953125
1 0.575 0.68125 0.12421875 0.13203125
1 0.434375 0.69375 0.13515625 0.12421875
1 0.2296875 0.7046875 0.165625 0.159375
1 0.07421875 0.690625 0.1484375 0.209375
1 0.771875 0.80078125 0.15625 0.1359375
1 0.62421875 0.7984375 0.1734375 0.13984375
1 0.48125 0.79765625 0.16171875 0.1609375
1 0.32265625 0.8171875 0.1640625 0.13203125
1 0.14453125 0.8359375 0.1640625 0.146875
1 0.69609375 0.953125 0.1390625 0.09375
1 0.54921875 0.9484375 0.1359375 0.103125
1 0.4015625 0.925 0.13515625 0.14765625
1 0.240625 0.93125 0.15 0.13671875
1 0.075 0.91875 0.15 0.16015625
1 0.071875 0.13203125 0.14375 0.2484375
1 0.2328125 0.1234375 0.15390625 0.15546875
1 0.40625 0.1390625 0.15234375 0.17109375
1 0.71875 0.1421875 0.19453125 0.15390625
1 0.55 0.159375 0.15546875 0.171875
