1 0.7890625 0.79375 0.29375 0.18203125
1 0.8125 0.653125 0.33515625 0.153125
1 0.8546875 0.53671875 0.290625 0.1140625
1 0.8421875 0.425 0.315625 0.14453125
1 0.8765625 0.3171875 0.246875 0.15625
1 0.8953125 0.2125 0.20703125 0.16015625
1 0.90703125 0.1203125 0.1859375 0.184375
1 0.7515625 0.046875 0.21875 0.09375
1 0.7296875 0.0984375 0.22890625 0.15625
1 0.703125 0.19453125 0.23828125 0.1578125
1 0.6671875 0.2984375 0.24609375 0.15234375
1 0.6171875 0.409375 0.24609375 0.11953125
1 0.59609375 0.521875 0.2484375 0.11640625
1 0.55859375 0.64765625 0.2515625 0.1421875
1 0.5125 0.78125 0.25546875 0.17890625
1 0.23125 0.7828125 0.31796875 0.19140625
1 0.309375 0.65625 0.27109375 0.14921875
1 0.315625 0.5171875 0.30703125 0.11484375
1 0.3765625 0.415625 0.24609375 0.13046875
1 0.4375 0.3015625 0.22734375 0.171875
1 0.4734375 0.1953125 0.22265625 0.14609375
1 0.5078125 0.1015625 0.215625 0.17578125
1 0.54296875 0.04609375 0.2046875 0.0921875
1 0.29140625 0.0796875 0.2328125 0.159375
1 0.259375 0.17578125 0.221875 0.1703125
1 0.2078125 0.275 0.25 0.14765625
1 0.1484375 0.3765625 0.27109375 0.15234375
1 0.12265625 0.49296875 0.2453125 0.1203125
1 0.1109375 0.609375 0.221875 0.121875
1 0.103125 0.7234375 0.2 0.1375
1 0.1015625 0.08125 0.203125 0.14765625
1 0.08125 0.1671875 0.16171875 0.14765625
1 0.0578125 0.2734375 0.115625 0.14375
