1 0.38984375 0.86484375 0.0921875 0.2140625
1 0.4890625 0.83359375 0.121875 0.2734375
1 0.590625 0.8515625 0.1 0.2625
1 0.5578125 0.6171875 0.103125 0.196875
1 0.66953125 0.73125 0.1015625 0.3875
1 0.7703125 0.7921875 0.13125 0.296875
1 0.87890625 0.76328125 0.1015625 0.3265625
1 0.9140625 0.68984375 0.13125 0.4609375
1 0.7734375 0.47578125 0.125 0.1890625
1 0.671875 0.4203125 0.096875 0.253125
1 0.5484375 0.33359375 0.15 0.4109375
1 0.440625 0.25546875 0.134375 0.4859375
1 0.4453125 0.6140625 0.115625 0.2375
1 0.33203125 0.7390625 0.1203125 0.4125
1 0.22109375 0.76015625 0.1171875 0.3609375
1 0.12578125 0.7734375 0.0984375 0.340625
1 0.08671875 0.6890625 0.1203125 0.48125
1 0.19765625 0.4140625 0.1265625 0.4
1 0.32421875 0.3375 0.1203125 0.43125
